8.883142910987816	63.45102079277006
9.489938654067048	68.60196617397882
11.341475375199408	73.17080887225494
14.229270982431371	90.82513393041401
16.986373905989474	105.28744156605012
17.991786978725223	113.43333296569317
16.656737615393382	105.04248946644267
17.437738943296957	109.12796209625034
19.329613715938304	117.01784088123839
20.739258290648063	123.44796601576095
24.20715756508329	144.19425986421425
26.51698529785933	158.96943725611268
27.533614131725468	165.9676895111762
27.994731797726097	169.91022189371785
29.525893586951973	178.82438915381886
31.777029603988534	191.98205424688493
33.96375186900145	204.98832488983496
36.95157289854369	221.83267776780616
39.949341836208596	239.82227326634333
43.10708065283071	259.42074615545494
44.91308417025412	271.5474378815763
46.48216912660761	281.0648797394471
47.977385139728824	290.51685604574294
49.29704538759289	297.5177927834566
51.07957126110788	308.327391918152
53.569471839038464	321.7881250246501
56.17894405790087	338.95675744433754
58.77216585740626	354.2778566216266
61.00846755862446	369.36232968688626
63.6525635281751	384.2207054014684
66.89031134743726	403.4240567647042
70.58783937658598	424.98793227671433
74.08152071075982	446.38286977269127
77.18100653188672	465.82619326937413
79.66186248543025	482.24246531970203
81.80446969161802	498.5825466532113
83.93141485682192	509.7886210181889
86.11876583287388	523.183549424346
88.06288282331433	533.5762449677924
90.1538868228858	547.3547391220154
91.74637781523819	557.4119274524365
93.04313908977338	567.8583446506165
94.26761581227143	576.3280777148567
95.64841167325203	585.7383595857034
97.06851577326803	594.0276350585688
98.67595662322798	601.6029164570865
100.359245840453	611.7878799612806
102.4337339125906	624.4901644120972
104.61231254225311	637.4304639880398
106.8003659576089	648.1915797548643
108.89825438845807	662.2191145244175
110.71112229761738	674.9095380394084
112.39917451674522	683.290718721568
114.237965997704	693.6488190265526
116.00192465241628	705.1139277085637
117.92238209438885	714.0371307211295
120.06880779416113	727.9477444708828
121.97881847770353	740.0388568730654
123.55475440403028	752.1647989514232
124.71706781929211	760.3411416586353
125.76705608333174	766.0299971126086
127.3012112179831	772.5293731335374
129.01445835622388	783.0357299076445
131.05791374238157	794.9176887864539
133.01516585161144	807.1559776275868
135.2871179279849	817.4198764033904
137.70568484080266	833.0727660797497
140.02446278017965	846.1193840981734
142.62529591485773	861.4950759957379
145.19501303863186	878.1956433787865
147.8385258609474	893.4488866046474
150.5613122833485	911.2144425105535
153.09192444944333	926.8039102813336
155.43981921842794	941.93093671325
157.43841064053717	955.7167784734751
159.33730168061098	968.1253772998357
161.41615107402	979.0503058446757
163.37837445589994	991.3273595922824
165.11329245336302	1001.7112584523937
166.72020269569262	1011.191525068538
168.43890391359662	1020.8418419004965
170.08323847569932	1030.5536124388866
171.44307782148402	1037.407688397238
172.79003550354605	1045.7033848917106
174.27982874184437	1054.361953242397
175.73180058641452	1060.9290874293076
177.23102726136474	1070.3991233417382
178.57938431679935	1077.9686168888113
179.96179205496392	1084.7679981639644
181.26631015743195	1093.5516421071259
182.5319317850562	1102.0948220129912
183.510209024187	1110.47616072512
184.22148192782072	1114.7986868638923
184.88106569781363	1120.7321695352514
185.48552276359158	1123.437976572538
185.97507114405653	1127.0030613252704
186.2924317919803	1127.635936587835
186.54106368076785	1130.0859823231106
186.7152137350616	1130.9150296585742
186.79957957588232	1133.3779729550113
186.6523414965838	1134.0617500192623
186.53468028388244	1132.5319874377478
186.48558049378997	1133.439110396868
186.29370659348555	1132.6831619831469
186.11358656081367	1131.2258517443818
186.0789504570971	1129.7967779541925
186.1218279893162	1128.756976848032
186.19439055057893	1128.4508518216273
186.4157312652515	1129.6876227526343
186.35519901308314	1131.1913119527494
186.15511431031425	1130.7853532530223
185.90352421455444	1128.6219917984283
185.46517841326028	1126.952777954664
184.89778756549265	1124.3784378981945
184.25200128249188	1119.4319000168355
183.55293803494035	1115.9402941326885
182.74236046031672	1111.8489950002995
181.90607624025773	1105.7740360444284
181.28146550205133	1101.1056262735303
180.72067581501656	1097.77175893699
180.14904116955708	1092.5420089306642
179.68734022939663	1089.2847457383928
179.23401233803463	1086.2667414425648
178.7307081591081	1082.951762117201
178.18426378042156	1080.6032007383465
177.63932434835095	1077.0336771781876
177.18216363968094	1074.343985783662
176.87252835543336	1071.2784051811611
176.6256902797662	1070.8779905728602
176.22276022380308	1067.684891832848
175.87811176106104	1064.942576413134
175.51724576069103	1063.2527049293444
175.22631271012762	1059.724119307928
174.91092359982372	1057.5948151782902
174.45708092687633	1056.051382936804
174.0018793702194	1052.836523551152
173.583922762556	1050.3200920930187
173.1235150229518	1048.9263166911637
172.73679741031916	1045.1428398158805
172.38038789582274	1044.0516679825973
171.91076833296236	1041.3612344959106
171.46258291805907	1039.0193502574693
171.0484397831646	1035.7792457757516
170.67801902385207	1034.0495648034266
170.3413477291095	1031.8686291904207
169.9862486312989	1029.7209999379459
169.64280298954645	1027.3616605107927
169.25817086968922	1025.1074596391647
168.83690832176967	1023.0459267973366
168.38707588295236	1021.2842394680868
167.98319325405305	1018.4887444836016
167.62040056637196	1016.2864334300357
167.33280953160028	1013.6697845454894
167.03222674554854	1011.9182894893153
166.66862654033096	1009.5207938161759
166.28412307187065	1007.3259931091861
165.86291697504453	1005.165129892716
165.4322429926497	1002.5555606793544
165.0385377668951	999.4716246407471
164.63155615687225	997.200415866188
164.17084896619124	994.7876057043053
163.70975609642454	991.7474785027306
163.299380366866	989.8158909131323
162.84737087718398	987.622884087445
162.433474888578	984.6261336011044
162.08250476857867	981.4224253725778
161.79416907908737	980.0372229311446
161.42092434623825	977.3684030575915
161.0370878559536	974.7006929264007
160.70632934302336	972.1870347542183
160.42041568963572	970.5823003750096
160.11644431200259	968.5257049997542
159.84387995678543	967.1132396547617
159.52230668064558	964.9532891513161
159.24718186671055	963.0221791169971
159.0131526542619	961.2885802778685
158.75058989952177	959.8242326975344
158.5574923094906	958.7238962043488
158.23050951827284	957.5139014123527
157.86642910733227	954.9977227130444
157.51057326133036	952.1652243910014
157.16434887850124	950.7172001737622
156.79720137280182	948.8196588998394
156.34147521135372	946.0698784990965
155.88898070394683	942.9796652938235
155.40445959136287	940.1093717692719
154.91195782045716	937.1897804086409
154.43970471289015	934.1912640292646
153.93316981710714	932.5295933150055
153.38458302685618	928.4189479168249
152.8981567545282	925.0411130858505
152.43074519336315	922.1247621844223
152.05152730377336	919.2151846400753
151.7106769847422	917.3570286247947
151.29670185774222	915.0064156600538
150.82423103368396	912.2057997101841
150.27432867849367	909.4944009115558
149.76874931116808	906.62560092598
149.20100355644468	904.0649492335301
148.58542044748705	900.0176898544738
147.97798482590883	896.3858039085004
147.33812806187808	892.690517951872
146.72706470544009	889.5647825352762
146.1677590954039	886.3918803650687
145.54058289422662	882.8471517484087
144.91662494420024	879.0584434194802
144.31151569205772	875.4268950360168
143.7334268862886	871.3232464867242
143.15740946575227	867.9982181132594
142.61157835060612	864.1878936271706
142.1469734106195	860.5492938885433
141.75433646588777	857.7276947233047
141.41380743318442	855.7952736989602
141.0906138857024	853.4832197746525
140.8140260751631	851.9773633370373
140.53809490557433	849.8780784739542
140.3159330786494	847.5983338059903
140.18712541451913	846.0125497939061
140.12205176340288	845.8304668194513
140.0273990640115	845.0812306357677
139.9221627475761	844.4237566148998
139.85664568599242	843.5857992749421
139.77755287134053	843.3548238726943
139.6805286100972	842.8240569818166
139.49056987642766	841.8824630423804
139.26580550570958	840.691057587415
139.03681373049002	838.8028893561798
138.79495698217127	837.5452190195457
138.4902431177761	835.7589337839493
138.15810833717927	833.2234485858742
137.8416153994631	831.0430159805453
137.54946997500804	829.3362593897632
137.35839149490684	827.9882343480323
137.21254475682784	827.1991620022832
137.07288438421614	826.5878324431987
136.84255080869556	825.2514989149835
136.6055470432212	823.6996476088337
136.46834162818917	822.7509577184032
136.3486248253411	822.8775219883985
136.21336758941882	821.6968259766955
136.02238776074242	820.6975411089137
135.8306302002267	819.4875765605933
135.64988114276247	818.3107563666847
135.4414498464994	816.530565703304
135.3211658111244	815.1209381350023
135.21754258728146	814.7497259101336
135.05277540065867	814.1070292613263
134.9649739897561	812.8708868164828
134.96102188690307	812.9657555808272
134.92101863279436	812.711942612268
134.89856753597402	812.7264980169641
134.85875806826823	812.4086306200943
134.85351294414204	812.4608376302933
134.88319972953119	813.0764828254297
134.8594790623258	812.7585101251591
134.89459609742016	813.0517171784578
134.94958526991394	813.082719830897
135.0385564495023	813.605594457437
135.0720604429865	813.9205937745096
135.10028704571238	814.0772057298833
135.15141770586544	814.309261388545
135.22498781075498	814.7082662831855
135.336626113915	815.523717905259
135.41368734386023	815.8816308587166
135.5478866321326	816.491664438496
135.72625878789262	817.122252076898
135.9385302167978	818.3897985998377
136.13845843202498	819.5523984830581
136.3648846458257	821.4568126692384
136.51608587359158	822.7838056301529
136.62922642954797	823.7879048300334
136.77961974251832	824.3143996303507
136.95689666199456	825.1872167014606
137.14481182646136	826.4885287493205
137.352642762409	827.6370761351402
137.56421542359777	829.0801060581961
137.82944829027278	830.5447339059858
138.078135114202	832.0003228475572
138.34073636457666	833.6899441086591
138.59427227525717	835.2047400194207
138.87629388234768	836.4129152170052
139.21619338301983	837.9715375463804
139.64065301571515	840.4275646719968
140.03023067591724	843.2694128922464
140.36876402691087	845.6545465271563
140.6547745115929	847.6333382339913
140.9560492564235	849.2576075708018
141.3276900354629	851.8111209680778
141.64420918988213	853.9132174512207
141.8755142140501	855.1750952044741
142.0564134813007	856.3701893401583
142.23374479289006	857.2188540673887
142.43289940361717	858.1118476756719
142.66564715353857	859.6194889296077
142.87201952498387	861.3490737403558
143.05654300013103	862.7989960554464
143.20136547469022	863.6573367046213
143.35032154420443	864.4823600162788
143.52827540697425	865.5116843036043
143.66070808261583	866.4408596044091
143.7690578780059	867.3400538746747
143.84811752701722	867.7723772653819
143.89867708225304	868.3499682537056
143.9063541747561	868.5522981206427
143.93730541198272	868.52172548214
143.95506981300335	868.3559752175031
143.94841886104115	868.3291444272967
143.9266311411234	868.7780968448957
143.86877463788628	868.3836052184118
143.79705172445134	868.582197927234
143.69239564125965	867.9593754591417
143.5701570312717	867.0064646046433
143.42910272020572	865.9417955018482
143.24722458531147	864.8542577118087
143.02144986921292	863.6119496903557
142.72124216557958	862.0288463133297
142.388807488746	860.0302059188878
142.0022947896128	858.1123027138225
141.58041189898253	856.0842496206781
141.18506515138458	853.5654798504297
140.77358790042038	851.485240551584
140.37551743879163	849.1358517548672
139.99852521423463	846.6754310046033
139.68014768359592	844.5453069705102
139.38366946469353	842.7065868490489
139.0563786477548	841.1500390748881
138.67562347759022	838.5156966940127
138.2860650605863	836.0633345810903
137.90381044714914	833.6562804646287
137.52058325246983	831.4729291563493
137.15988635888087	829.1970847431069
136.80278301646683	827.0444423946444
136.4782328439648	824.9886824871247
136.1844338489463	822.8964433392841
135.8953397024168	821.477948940068
135.57036008017306	819.6918271355382
135.2586623110444	817.6418284346317
134.9323762268762	816.0404944032651
134.61214159216883	814.0120585046408
134.34311382412236	812.5350653780475
134.07641838721216	810.9988234157802
133.82125546130084	809.4838788040656
133.58570489668068	807.8023702803436
133.36335987322977	806.6757752204268
133.17375181891342	805.2275924208218
133.0408937463514	804.3359992356228
132.89831946452534	803.6897325584998
132.79559972214716	802.79455751449
132.72821845551977	802.3466785391264
132.6913077761016	801.8063083184152
132.72023289438644	801.6428441669702
132.75343653063138	801.5530974379725
132.7794838048543	801.6731661881254
132.81683617991658	801.9072743576617
132.861286659713	802.002325526699
132.97400491979528	802.7144316890217
133.09504572998466	803.6805118084209
133.23991672581786	804.6540180140795
133.373194742981	805.3765284869332
133.5286133487113	806.3006481044043
133.70979463859243	807.3353641663696
133.91365233090326	808.3274125641125
134.13375775422074	809.6425585148654
134.3599605045704	811.1290426022688
134.63902807304927	812.6432352557938
134.96994748675382	814.3139861561884
135.32310240963628	816.5665666618773
135.70401261657602	818.6510200750756
136.0853854557542	820.6936244261398
136.491258171593	822.8840483969337
136.91450475925606	825.6710218745468
137.30208127004283	827.9075140343363
137.7303207323503	830.0984509714658
138.1816999953277	833.0550072262836
138.62100348454152	835.8271461048109
139.02856502061988	838.228774083993
139.4665801327031	840.5451461697113
139.92514722011475	843.2092515025056
140.34226083420222	845.7355270630637
140.7451264175354	848.1759481742492
141.13506760650228	850.4936458383387
141.53630522746616	853.0139668200601
141.9198603340003	855.7420142422427
142.31365901819294	858.4649047736707
142.68423108839036	860.7781823784824
143.06353393580952	862.8968815971672
143.43263974756658	865.088936061171
143.7810248787491	867.3133104918049
144.14036656762147	869.3565961270808
144.4977446274233	871.3880948087676
144.88795215282119	873.4380094330876
145.3166810457779	875.7650698750434
145.74657748767723	878.3235271833981
146.18954363318338	880.691320683072
146.66786717467434	883.4066412634053
147.20890078424455	886.3421728846016
147.80644465135697	889.9096407248519
148.43756915672088	893.3413522183833
149.09998424708243	897.2083307058548
149.7621460526712	900.9152559827223
150.4404707927647	905.1483476151761
151.13338689416287	909.175032271297
151.85771969631847	913.2765413774446
152.64454918398803	917.6389743131716
153.47168078757713	922.7667556955012
154.30848520889884	927.4270804306553
155.11320715782398	932.2826775286545
155.92321239062952	937.0090925293182
156.74317647018688	941.9099225170988
157.5430662688952	946.6899775805998
158.36082428731785	951.5077059914579
159.16982811189052	956.5745632292518
159.90528466636573	961.1771871527677
160.607077916503	965.6951528492591
161.25051199537637	969.9103192718437
161.90099575956944	973.6294070988876
162.53170811868097	977.698972696019
163.1244446536575	981.1879009781712
163.71349156784643	984.7486967387761
164.28250519514896	988.4013682515579
164.8559853194093	991.4201816947727
165.4839620797132	994.9786093897189
166.09620835196554	998.9861528926215
166.6301643064173	1002.4526166334944
167.12232259657003	1005.3122658620555
167.61607186443607	1008.2762930642405
168.1191456137028	1011.415138925297
168.60057895349658	1014.7092426656718
169.0704961534113	1017.3398253719332
169.59267583430096	1020.4274905034918
170.09930455890185	1023.6120391638027
170.60313433588047	1026.732276577451
171.13168706743076	1029.5482655652322
171.7149334828049	1032.9075693918503
172.26658215848255	1036.4586893364162
172.78098150807298	1039.8100890878532
173.2441932605066	1042.5905454095798
173.67376701816406	1045.3121858878167
174.06653634404665	1047.9081588251029
174.39390401268938	1050.0864578824921
174.70910719625263	1052.023798738666
175.0323651399351	1053.8899587957742
175.34187604986647	1055.7690887572585
175.6738695213008	1057.7596700236331
176.01209270771352	1059.7877672969616
176.40527548557455	1061.478047310609
176.86556031393323	1064.0260038189958
177.35505280509474	1066.6302314367827
177.8314380710862	1069.537414694387
178.2885507686112	1072.209299438291
178.75052591487918	1075.5079004007644
179.20280128364476	1078.0550499807532
179.62380958338736	1080.701067930495
180.04008965655464	1083.175131358393
180.47237951877247	1085.6258865365944
180.92122026331882	1088.5829931411165
181.3415330196341	1091.44054510851
181.77810166525194	1093.5098254783818
182.2333246662165	1096.2660029084466
182.70138407099856	1098.7641253279053
183.1959444537406	1101.6849274048016
183.73019442587986	1104.6286794546188
184.30028910834963	1108.1472731565666
184.86288239823222	1111.8610970392756
185.39659420529318	1115.2336039189593
185.93841781234133	1118.6070578452056
186.4619905434636	1121.8709014270173
186.95499412903072	1124.9991932005207
187.39602956143491	1128.4182726754254
187.80329146036735	1130.8136864649668
188.18757361947326	1133.5054415135876
188.5575233708729	1136.0143517571826
188.88576184465774	1137.6438712137665
189.23180818121955	1139.7671702912219
189.57209705582116	1142.2420224309926
189.91433049689633	1144.438806388913
190.27704349300757	1146.4692599533885
190.632169102995	1148.8160807470147
191.00567040963017	1150.8874517971078
191.38288512596623	1153.4397295518493
191.7603645518063	1155.4868192867666
192.16351380807984	1157.5681266717922
192.58573384597796	1160.1743164813847
192.9915777624692	1162.7542361474334
193.36984420065932	1165.1197751879752
193.7267489711511	1167.477214956046
194.08469941033678	1169.2138621101044
194.4411502753838	1171.134651239757
194.7990827593612	1173.1367819881266
195.16111874575836	1175.3081568925788
195.55177310544923	1177.4593242370663
195.974080666316	1179.9455141400783
196.43893918164935	1182.3750246215989
196.9514268499653	1185.2114126446352
197.52781917530433	1188.2876705515257
198.0965863656823	1191.1732017798922
198.69611319497767	1195.0139355976467
199.28661353668838	1198.2943296806725
199.8951015708562	1201.8031167367171
200.53205127909774	1205.3861103966651
201.17361942029538	1209.0688979087238
201.83033532595647	1213.0359573028193
202.47881096464627	1217.026252199327
203.1108593534043	1221.0879496723235
203.73444906147415	1224.734903294873
204.3513874150441	1228.560589699885
204.93470753667313	1232.3305533465787
205.47688474693427	1235.8780186065455
205.97923660243939	1239.1375893004579
206.4364158686539	1242.1256735852553
206.8645735623733	1244.6461449480537
207.32054609578546	1247.0164619401396
207.7949857872783	1249.6199250801008
208.25528080659473	1251.9430147717076
208.73767613816045	1254.9115126414347
209.1876505373704	1258.0516046313417
209.61628513309608	1260.7214915530892
210.04873229739832	1263.047690871708
210.47531121068997	1265.8518630097817
210.9238561844021	1268.1770432741541
211.3754090440499	1270.9113667215465
211.84097776362452	1273.8277893410993
212.29574162630018	1276.63039155247
212.7823319389106	1278.890559389267
213.3175178098799	1282.1029977135747
213.8352943120785	1284.9905536081394
214.3880111000609	1288.038934256173
214.9523562983708	1290.9855629670085
215.48763901158068	1294.5899572670098
215.99737284573942	1297.4285443228816
216.50728744592973	1300.4887121344796
217.0267469790456	1303.9251926622555
217.5138347773018	1306.872909647829
217.97989746830953	1309.7680015920769
218.40619684750496	1312.4979254922878
218.864568250671	1314.978331486252
219.3376911313911	1317.8913188605065
219.80315471063105	1320.8320924201173
220.28364927123934	1323.5189717675878
220.767720757406	1326.1780911721876
221.24356313906839	1329.3780421865392
221.72135889233726	1332.5408595794188
222.17386041992606	1335.6012201060737
222.63379626333358	1338.3367607864504
223.11106117343297	1340.880665388179
223.59914953110956	1343.7360150139164
224.07765248985083	1346.8049729373688
224.53753833920203	1349.984322081643
224.9738728799331	1352.750789067748
225.4289580372319	1355.4077826789855
225.87817682267348	1358.029483844213
226.3149733696374	1360.5023991735754
226.7581419040578	1363.0383065599522
227.19394026723413	1365.925078586186
227.61833571519293	1368.3480907916257
228.072832798088	1370.7297642008707
228.53526550662315	1373.4060839111637
229.00459168623811	1376.1484958293875
229.4746077289458	1379.0432608692722
229.94623717683774	1382.021924541696
230.35454680312188	1384.7437306498232
230.7407489525577	1387.1843061360598
231.14056686241628	1388.989797487758
231.5551852861989	1391.7741194811576
231.98132864734825	1394.108675970995
232.42289347596744	1396.7089224325437
232.87272389775532	1399.7296890417917
233.31072770762572	1402.4569362875877
233.73306273223682	1404.9663289112646
234.16126819547293	1407.4615322396564
234.57392637961175	1410.2343899083594
234.9872136795337	1412.6646417849563
235.4128077418403	1414.7978062037716
235.83765445254093	1416.9761203311268
236.2755693708908	1419.8016378348127
236.718637543436	1422.138878682142
237.18990710062758	1424.8433280402448
237.63392143891326	1427.8044310377952
238.07360929975314	1430.6654881645456
238.50798726684064	1433.3214679998844
238.95705539728093	1436.0409866320315
239.3765841487238	1438.880145708895
239.79295235211595	1441.5022552859123
240.19101908160823	1444.1134709377852
240.56484456956764	1446.7524577475062
240.9137112045002	1448.7208753280902
241.25858506358364	1451.0617449274562
241.60091197248175	1453.5111651028176
241.90809307466475	1455.7242851269016
242.20792947101938	1457.5956587923736
242.52981309578956	1459.3272199115158
242.87460508227414	1461.4195884415342
243.21359856924732	1463.848403467951
243.52977981773583	1465.9912765326385
243.84006994167572	1468.222380995851
244.11770367992705	1470.1576455650343
244.39959926374348	1471.945127470859
244.663943260544	1473.7505093836037
244.91485420731368	1474.9555716036934
245.19535836804317	1476.7098120041564
245.49570871829837	1478.262545944154
245.82562480054705	1479.9195919530566
246.1578082822063	1482.0590933325414
246.46554284204794	1484.371939673969
246.74941225321575	1486.047659819407
247.00346875200793	1488.0368028873813
247.22965898857518	1489.3402220365426
247.4685151483932	1490.6215730093647
247.7178074259543	1491.8184892208192
247.9841969881082	1492.7996068697228
248.27277118490582	1494.3569362536475
248.56718118367655	1496.0967238831952
248.85835779101174	1497.9886746024629
249.1387815999355	1499.9138309165128
249.3839827755191	1501.479729215994
249.62725718536808	1502.8625410197117
249.89093068849547	1504.1481316506938
250.13619979072826	1505.8611024375
250.36596747339874	1507.1140121178455
250.59664655707203	1508.9341618527096
250.82200713370824	1510.3068869575702
251.04194543329106	1511.4274611729936
251.2955389410494	1512.9215380781136
251.52971753996087	1514.542309252101
251.77008931640188	1515.6160062554216
252.02548707562244	1516.878021723085
252.2699276020154	1518.31738975324
252.53136760356085	1519.8591102123496
252.78365121417858	1521.90396375949
253.01756515932217	1523.32823060418
253.26129731452	1524.3025429750633
253.51531407595294	1525.9934139346476
253.7895356247714	1527.563639149371
254.06102036346684	1529.1658699436543
254.31768458253092	1530.4129930030201
254.5894694105241	1532.210540439625
254.83471069701304	1533.7274254922693
255.08993508055943	1534.8940905845893
255.37994868505143	1536.6563973432358
255.68801765463948	1538.4791171824477
256.00490151223875	1540.113954664511
256.3094375208161	1542.1804956750473
256.599505558259	1544.0876147500896
256.84579486574876	1545.9237847941854
257.06043726167695	1547.3284684238574
257.2644076318254	1548.2840258089418
257.486860686666	1549.6395410859116
257.6909690679877	1550.9806615334664
257.8930958117737	1551.9978287826862
258.0823344340756	1553.489071466767
258.2658305630709	1554.7296511988504
258.46331156411566	1555.6472318910644
258.69403189897	1556.9566613637708
258.91112501813444	1558.5427379265232
259.10936929983626	1559.5133260066998
259.30229833344055	1560.3091930123994
259.5263574437214	1561.4837159928234
259.74630378312133	1562.824279282543
259.9890280287219	1564.3732850830577
260.24970754732925	1565.8398922594308
260.4959530852118	1567.6002578514244
260.72501083880275	1569.0905197768645
260.9475112776626	1570.3511185022878
261.2276572149852	1571.2230118293774
261.5325539895994	1573.0510731861302
261.81944510874314	1574.7234345121756
262.10627250645723	1576.2533285824086
262.3848799206814	1578.0180945079524
262.6636229560499	1579.404962244606
262.9452496815197	1581.3061420586594
263.2368930408332	1582.7708882930306
263.56928170262535	1584.5517822860977
263.91793345152325	1586.8557957026655
264.25479752513286	1588.8762692801395
264.590013040991	1590.9104515001322
264.9323026870677	1593.010777110204
265.2856422647486	1595.1303069801547
265.6202570466125	1597.1844643499276
265.9480356311202	1599.4807971216399
266.27583914490066	1601.5411273122054
266.6176842834115	1603.4734441905432
266.93187753728404	1605.853133512228
267.1640019181393	1607.479305028373
267.37313918810577	1609.0141255908595
267.5697184387623	1610.095815265544
267.75177577794767	1611.6557363935026
267.9099046343466	1612.694228578899
268.0664196454872	1613.6522694495422
268.2467943504307	1615.059636838138
268.41491349984545	1616.3222962437562
268.582265201031	1617.533005323316
268.7498388537637	1618.6038830299983
268.917727155194	1620.052027691333
269.0682299011011	1620.9492322184697
269.204411015417	1621.7836055643465
269.32761093479496	1622.5163422220517
269.4566211050821	1623.2373337502167
269.57962392730514	1623.8988910430828
269.67515467416086	1624.698478330078
269.772424569643	1625.414849362877
269.88333128777776	1626.0733603567205
270.01159301699477	1626.9062724969185
270.1129130418801	1627.5767366816863
270.2266839931795	1628.27564968915
270.3385802602837	1629.0096505631436
270.43207323580737	1629.8876874226917
270.487880723729	1630.8160977163927
270.4727943723381	1630.899120645814
270.44611085794577	1631.0504644307823
270.435118362914	1630.7183662819634
270.43369209264694	1630.583065451782
270.4306477678416	1630.8756984462009
270.43811357008093	1630.771100944262
270.4423318630677	1631.1294678264026
270.46041609765865	1631.2036905102868
270.4685293317224	1631.4469075273576
270.48910315578314	1631.6961673939838
270.5081608267157	1631.8217112083444
270.5379704251466	1631.8751722128143
270.5748572741258	1632.1311747560032
270.6243903758634	1632.4861432447667
270.68315976191747	1632.6466097981904
270.74118406016373	1633.1436507732606
270.7999685332984	1633.1459993186336
270.86657077626023	1633.5134448119557
270.95029427106385	1634.052086897622
271.0311401575274	1634.3021514917205
271.10477175934705	1635.0960924642548
271.1536462700859	1635.6949465388548
271.19392881134416	1635.7681615541485
271.24702222511365	1636.2340830980368
271.2928915870924	1636.6336275304036
271.35592931298993	1636.8894731977384
271.4223522993449	1637.5248839361386
271.4375386473611	1638.029975417108
271.41079730719827	1637.5872126096779
271.38321077691114	1637.430662249336
271.34824017880237	1637.1402980053583
271.33143616643457	1636.8484189960454
271.31749126656916	1636.6410722419382
271.3293107511551	1636.8337638227488
271.3570330979938	1636.5676547080475
271.4080205453549	1637.2846122293324
271.4606110505664	1637.8333888330762
271.530360980595	1638.1977508209998
271.5810229974261	1638.7342225379734
271.62246360010346	1639.0821577612396
271.673738423187	1638.7620467771262
271.7566699951676	1639.1845848709168
271.8282886521588	1639.4731325601326
271.91370096248494	1640.086655070133
272.00394107864605	1640.3343831734576
272.1189534930279	1640.994970476952
272.22353774778725	1641.877246121625
272.32161108907206	1642.0420065135982
272.43822638386257	1643.083850603192
272.5419105820784	1643.5451789263022
272.6499175808933	1643.9457306309805
272.75933636773954	1644.3553320338558
272.8753207903181	1645.2399978892408
272.9821796807732	1646.1345665184988
273.0863661449066	1646.8171177777836
273.17303445333016	1646.938330296435
273.2697178832366	1647.3158433736926
273.38978422399686	1647.7698241584903
273.53009762466866	1648.2599266859888
273.67139969162866	1649.3180830273816
273.8204268430151	1650.31459518161
273.9519226854004	1651.2053027002958
274.0726898727761	1652.0958563885495
274.19967343158214	1652.635974221569
274.30331218023457	1653.143383926963
274.417575441109	1653.9944313134583
274.51845861755476	1654.614234863221
274.5904945334288	1655.2532435999117
274.6386870300672	1655.598071899584
274.7019880974556	1655.4558796674537
274.80318550997237	1655.9708638347822
274.9021894424238	1656.3873993895184
274.99290716390186	1656.9463577491028
275.10192672878526	1657.7861020180005
275.2179179314406	1658.1351228000945
275.34202526727745	1659.1294085954692
275.4706878939197	1659.5979967379667
275.61526604569497	1660.3754004336765
275.7844235266196	1661.279798376545
275.9556928819715	1662.2606954725804
276.140883530155	1663.516254688584
276.3403512186096	1664.4128637728568
276.561199234941	1665.6291175342951
276.7647178824621	1667.016119131227
276.96796843145444	1667.7671300042944
277.1787548774197	1668.9443511289944
277.4023861943799	1670.0934763414857
277.63084118583316	1671.7993188770338
277.8367104368286	1673.537809364924
278.0336326276961	1674.9900238414077
278.2224427653968	1676.4353476627543
278.3940335072074	1677.0387733815433
278.59681824768603	1678.2940858282238
278.8160286696034	1679.395705959704
279.02987011340383	1680.4442184512122
279.24104268474025	1681.8342942110114
279.44432432372207	1683.0086277098117
279.6463876861008	1684.3226911946
279.83481279764817	1685.5755109088295
280.00561885702484	1686.5332402499305
280.1973641093855	1687.491392582401
280.4222239697787	1688.90064538482
280.6554531971045	1690.3602619051537
280.8953126878868	1691.8597724165768
281.13150851399473	1693.190646259483
281.37142084514284	1694.4184670710201
281.6150476217999	1695.898858947897
281.85101526938246	1697.6885404347622
282.067353198801	1699.3180110999178
282.27531858607705	1700.3952169043316
282.499984178658	1701.5941022642567
282.73576207972036	1702.9018174962694
282.96032578471795	1704.0169437324728
283.21009664073154	1705.367498779502
283.45320966265257	1707.011526741568
283.67992880785096	1708.4317004322456
283.91579296764934	1709.8444227733532
284.1473846110564	1711.48129009282
284.3887122120462	1712.9684707364818
284.6390486205736	1714.5098925127004
284.89324214081967	1715.8872849055533
285.1449201294822	1716.8339136233371
285.40323580535534	1718.4235452898497
285.66973001004527	1720.000089153065
285.9439784728107	1721.664866161611
286.21818911860385	1723.2463701024446
286.50099902728675	1724.7551780888477
286.79403675981376	1726.6368536878563
287.0922997717909	1728.4669751225606
287.38496466399926	1730.2633824160714
287.67601865857654	1731.5731768446717
287.9766684625697	1733.106841975572
288.2789520211137	1734.6919280592494
288.594217563665	1736.3345477170787
288.91668300203884	1738.2275815758567
289.24860378887536	1740.2189077835671
289.5637940335355	1742.3165753547987
289.85066797164177	1744.4094899453783
290.1404616282209	1745.9402549089457
290.4352259575348	1747.4803683401442
290.72380401837444	1749.6040154286707
290.9962074481336	1751.319904939071
291.2810793465094	1752.8625761554083
291.594013053948	1754.8223591869416
291.8872910704786	1756.787934244818
292.1624694680701	1758.3963671531217
292.4270036749016	1760.188855273565
292.6947316540992	1761.752423921277
292.9679083711334	1763.2868228284005
293.23598959337113	1764.8939046366127
293.514902660736	1766.5868365373958
293.8036868619585	1768.1739865536892
294.0964019348419	1769.9500040609514
294.3984929137484	1771.6998839619325
294.68079155632694	1773.8466642547141
294.9439402080644	1775.5684866192116
295.18289293229884	1777.5368138735732
295.3921331862181	1779.0370423381419
295.5723419863068	1780.5480197546315
295.722263225641	1781.7317735675974
295.8734348353787	1782.5102938493685
296.02271412984527	1783.586710275974
296.1668455282233	1784.5083150446
296.3082465911411	1785.3104785599626
296.480358163396	1785.9481134182445
296.6617107571979	1787.176290362477
296.8622198525135	1787.9651317416804
297.09471411271824	1789.1728885943858
297.3417553603485	1790.7966840523056
297.58228531974686	1792.483785515912
297.79268936239606	1794.1329241638005
297.9973121662799	1795.500873238732
298.1970070515864	1796.9825803268698
298.39171861140335	1798.0855491598088
298.59387988799523	1799.0286362522475
298.80255161359406	1800.21597103306
299.01293010115654	1801.55689486359
299.21581378156264	1802.9344353804784
299.41891223111	1804.129097340451
299.61113492495923	1805.1765066282176
299.82182052928306	1806.600838898569
300.03793898194647	1807.8331411439387
300.2574844687607	1808.9840998516286
300.5132022112681	1810.291936470525
300.7698327379539	1811.9113301432717
301.00318629292224	1813.3496802941677
301.2512234146837	1814.4281458310425
301.533681359486	1815.877212209642
301.83527623910186	1817.8285143624114
302.1330178574177	1819.5936911629528
302.4484056243022	1821.3226442646035
302.77626085518375	1823.2691975929856
303.09663540291695	1825.1707066347767
303.42095104911124	1826.811071801645
303.76782294223347	1828.892488332993
304.12166175524993	1830.649679349715
304.49773545548516	1832.5814623296205
304.9001491246896	1834.7327700901474
305.3175968314136	1837.259183907779
305.7491050231389	1839.9719446371446
306.16724840260747	1842.2990858047478
306.5717116865368	1845.113788940322
306.9674313422813	1847.5909994245949
307.3483913044757	1849.7960854772493
307.7301316555181	1852.3929424648038
308.1044326696759	1854.8636512300225
308.4615262900766	1857.3328174775481
308.8282450320933	1859.533725858225
309.2014437847202	1861.814445401403
309.57432872933816	1863.93009123136
309.9341198439554	1866.232079169777
310.28350722167573	1868.3490317227827
310.6383413048799	1870.6620308977913
310.9763675327596	1872.6493548646888
311.3051147674647	1874.7644704302265
311.63488267455756	1876.7836926505058
311.9608567753793	1878.9433549832513
312.27093614158593	1880.9460555508206
312.58776179141154	1882.9689751195403
312.92478370831094	1884.848168185711
313.2554809100997	1886.8933963371624
313.5835820079375	1888.963814110716
313.9237794856766	1890.4336123385235
314.2720326912415	1892.4621346775
314.6085326369473	1894.2567047160626
314.9394385047069	1896.3847525477788
315.25767660054066	1898.4773312294437
315.5680755465438	1900.2371128496322
315.8641927517744	1902.3188522056678
316.1594333086266	1903.9669370256004
316.46870900238395	1905.903515494367
316.79214214989463	1907.5379185513596
317.11101960527907	1909.77698939994
317.4128446847383	1911.6278972239168
317.7056487614793	1913.5875943638653
317.99638373354134	1915.1474120125977
318.2868872050335	1916.970884732181
318.5589592308828	1918.7852410801886
318.8334503401792	1920.573364460152
319.1118993282861	1921.814783548386
319.41816470257095	1923.6109272916358
319.7302777012869	1925.6459575955776
320.0502705815285	1927.4025803629154
320.4070042683972	1929.1158332766745
320.76894730498145	1931.5730278263025
321.12646550519617	1933.7796509445027
321.482935261421	1935.8985023782266
321.85627015885774	1938.1596443755486
322.24383976996273	1940.2417073449128
322.62137272035346	1942.6706958606655
322.9786176721913	1944.6108584846525
323.3307530923066	1946.886933122214
323.65650660224765	1949.350633165315
323.94322385500504	1951.2735740364735
324.2271310425976	1953.016499563149
324.5054602019664	1954.9296212587967
324.76846300930384	1956.8319079580067
325.02923441739756	1958.292681868054
325.301267812403	1959.7806274378931
325.5762631337431	1961.4290536517688
325.83910329111654	1963.0449789048923
326.1180967043446	1964.3104006607464
326.398468574077	1966.1337298434094
326.6724423454955	1967.8370977654067
326.94730827742694	1969.7492839743638
327.22369008880924	1971.3246886030336
327.50470379417123	1972.9687128608896
327.7949880376175	1974.668602635546
328.0777007482976	1976.404221444
328.3586682668875	1978.1089884383914
328.6309615869473	1979.537947782508
328.89923518281074	1981.064701411093
329.1671878427923	1982.7926696868008
329.4243768519066	1984.557318174838
329.664240679354	1986.0753640919863
329.9167932157479	1987.3450101984415
330.19518759763594	1988.8922316061557
330.4813069915992	1991.0338994258757
330.7475222797585	1992.812097004282
331.0006638664891	1994.3491320486964
331.25388176432523	1995.7446272585635
331.5055999874736	1997.1108937311706
331.7549065145696	1998.7667809721324
331.9908113726334	2000.301323816256
332.2255491669798	2001.8490454866735
332.462239055198	2003.0235514763235
332.69925446750267	2004.706453599471
332.92061237761516	2005.869704997884
333.159849785742	2007.0396499152716
333.38770127098553	2008.5052762531857
333.603265741487	2009.957494274819
333.80788029409945	2011.2223417662026
334.0214364882029	2012.581461065384
334.2241258241982	2014.0771172716998
334.42285551097274	2014.9225893506245
334.61453020270574	2016.3314736754064
334.7949785218876	2017.2083922938075
334.9758425415328	2018.4913865542
335.1544443110822	2019.9017761435157
335.31055625404207	2020.8538292367828
335.47245552352865	2021.6594370326563
335.62259421518604	2022.6762352702149
335.7643587332247	2023.4412119602582
335.92048075175853	2024.4738221810867
336.06801580783457	2025.756199045857
336.1942983186257	2026.4880349686441
336.3165270700769	2027.0147316274827
336.4499159233518	2027.970216529774
336.5777519257897	2028.6914668465743
336.6862886767907	2029.4167310446162
336.80549154945595	2030.0058638089552
336.9338540767302	2030.73045072561
337.0641369476836	2031.4266619266923
337.18412853553764	2032.340874698772
337.3044913804934	2033.097235089146
337.4166900124121	2034.223849384274
337.5178355243903	2034.5845211213905
337.6499417918045	2035.3516251275673
337.78869397425234	2035.9793997161069
337.94914916742874	2036.817935416844
338.12310348856863	2037.85743826217
338.2976906499862	2038.9803800160214
338.47275155208916	2040.0663239435926
338.65535920968864	2041.1977278738552
338.8262468094132	2042.4970504140767
338.9920848289577	2043.4079688884453
339.15282405756085	2044.6458200081502
339.3101117138407	2045.7037666685078
339.4688446929014	2046.4328829652013
339.65225527420614	2047.0135630110801
339.8413428744743	2048.4218566883455
340.0278310657496	2049.4575978352427
340.20565457767407	2050.560032229128
340.37754979340843	2051.9435338730354
340.5550645376257	2052.707438480849
340.72967242360113	2053.8497674103323
340.8897132814835	2054.9042130953435
341.03807992620926	2055.9079697119823
341.1819777564647	2056.647609735938
341.31947249524194	2057.4080296073544
341.461230647189	2058.4507447347087
341.60485750047957	2058.873467244929
341.7669691074408	2059.7234470540952
341.9289175245559	2060.8876978837425
342.0933148576277	2062.007490004135
342.24690139312474	2063.101377746964
342.39987158327745	2064.0339992122263
342.53108359974397	2065.287814512037
342.65936882837434	2066.071353975047
342.7968325709163	2066.8316241379616
342.93123606521533	2067.985984860444
343.06439850714145	2068.8380279176436
343.20542154753804	2069.639300485582
343.3546495946018	2070.4508807531574
343.5004342071891	2071.3986076720253
343.62760796051805	2072.214443074201
343.74776417921066	2072.6746380429454
343.89017387725823	2073.2106941742627
344.03787877330865	2074.0136597968453
344.182396257331	2075.071054686648
344.33318631316797	2075.7559482731863
344.50368802329297	2076.7746151079596
344.68271085649485	2077.7080922961263
344.87548494377563	2078.8805919571855
345.07017426189026	2080.1036174487194
345.27484659127623	2081.3672996525784
345.47104980656286	2082.950134690408
345.6473924466592	2084.159746921643
345.8267781443633	2085.192841920679
346.0116502996485	2086.3369266002073
346.1895854958204	2087.4780815801205
346.36208863274885	2088.6447915957065
346.53978010886937	2089.453788062336
346.7298196697506	2090.2792229414667
346.9027900163423	2091.4487354186704
347.06261718284026	2092.4418360289374
347.22485008543066	2093.449414569429
347.404541494327	2094.445842442389
347.5844155702141	2095.520999856811
347.75444832560635	2096.7306505248334
347.9110858580299	2097.5881491389746
348.0716589985276	2098.721203970891
348.2366699107115	2099.842171894361
348.40469057168264	2100.961838439262
348.5801406114454	2101.7393332703273
348.76051010431775	2102.7594237962803
348.9319927576043	2103.8805864699493
349.08882106342764	2104.855367772604
349.22870932647163	2105.9403874647305
349.35457055682275	2106.824792615339
349.48243210652754	2107.7018434387
349.5949474413775	2108.3898107007158
349.69614412394276	2109.2215155880253
349.78430246112816	2109.9743425904444
349.87308731494494	2110.4226146965825
349.9628903311315	2111.146526361775
350.0480218393335	2111.5535753818813
350.1232947422341	2112.24721481732
350.19614322336275	2112.753065102698
350.2740903294339	2112.9633065713692
350.36492048431813	2113.654381053809
350.45760539114895	2114.164791135433
350.55426585174956	2114.469420432621
350.6641212821423	2114.9879955710694
350.78546738456714	2115.6525544754286
350.90154204202526	2116.342738997631
351.0125612453143	2117.1170641879894
351.13070002567133	2117.705100897771
351.26405131548813	2118.5949266864254
351.42108589071313	2119.24606797015
351.5887461000151	2120.0569093785066
351.7633725490172	2121.2147435251413
351.9264461944802	2122.283789890304
352.078021887139	2123.359583243922
352.21911721048656	2124.1626999385403
352.3594179483722	2125.0181319793955
352.499223822479	2125.699488043054
352.63399792848594	2126.5216567204
352.7611759615841	2127.4499257261446
352.8876552595781	2127.91831999919
353.01046222742673	2128.6114774046287
353.1308098091319	2129.4604533311276
353.2480714098798	2130.1959621431615
353.37238082529035	2131.030753754895
353.49953056157716	2132.0529704133437
353.6419528999311	2132.7129297576357
353.79296649137655	2133.4249235636676
353.9407596764859	2134.3444876909953
354.10200483889497	2135.288471387698
354.27505845701745	2136.41699045366
354.4420233916239	2137.71641953007
354.6059446496781	2138.2801352935767
354.76702379452286	2139.4683901139647
354.9349463824257	2140.4714924383225
355.09402032021103	2141.364700442409
355.24409147765573	2142.015333049567
355.3929018455995	2142.771580640985
355.5305228233347	2143.8744233625143
355.6650832248835	2144.5259979225166
355.8058915003368	2145.365784366198
355.94695827150974	2146.3198681363074
356.0826178608464	2147.1473519893725
356.2219782428369	2147.978370944997
356.35092933815787	2148.934263015451
356.48878371774026	2149.6436001020525
356.63766604247434	2150.325852756957
356.7987003797694	2150.9130496408666
356.95914383344837	2151.965052162981
357.1119162863859	2152.7649110523093
357.2550159882076	2153.749703420746
357.36434327858603	2154.5868719425034
357.47444486932267	2155.0361412169245
357.5833365089005	2155.7584558394683
357.69981433903496	2155.8920440586694
357.817011250419	2156.962944573391
357.9205545465342	2157.522507254366
358.0300564836081	2158.2670854151766
358.1388411787808	2159.0072529227223
358.254021801104	2159.6928389393343
358.3778152425495	2160.0584158918045
358.51939306017096	2160.9962556233413
358.66388139355325	2161.9144092982483
358.8139171684546	2162.8845332008304
358.96917624203127	2163.7375773392423
359.1293520887525	2165.1028402411903
359.2856428526378	2165.9434622124368
359.44053644717474	2166.6645033944164
359.6051265720289	2167.6109938789286
359.77753277173144	2168.826962413804
359.93419473381465	2169.8923385362727
360.07947321535374	2170.6482982087605
360.2215665662869	2171.4221844430986
360.38544127745166	2172.419923408271
360.5475703834183	2173.5180730065485
360.71230047693416	2174.3730482357637
360.8942769067608	2175.830985451446
361.06107676908044	2177.0309704342353
361.212938185621	2177.956046521546
361.3499459378912	2178.9392553954153
361.4766933134234	2179.583637928623
361.6024341660844	2180.295852351938
361.7187181456682	2180.7483544031525
361.8196187218818	2181.439952098135
361.9187527514142	2182.04716908614
362.0110404885597	2182.557901297246
362.10254483984767	2183.1742930699024
362.1975746895603	2183.8118693758574
362.27924737883194	2184.2035280548234
362.33499828248176	2184.7327163190625
362.36145988762735	2185.1584450707437
362.37396520307664	2185.316303706708
362.382408099081	2185.6144366246713
362.38768456102963	2185.7466335234794
362.37951620413577	2185.7426916910954
362.3460638826628	2185.714129071636
362.3150822637521	2185.225328199677
362.2853191950726	2185.0728420704286
362.25167235628965	2185.206784140878
362.22126873354523	2185.1229277043267
362.18263893434744	2185.0438780061645
362.1430507130876	2184.9042165953956
362.1069323142322	2184.712628088531
362.07827129235534	2184.620450587926
362.0584315299455	2184.1641940243767
362.063984250526	2184.0248299236114
362.06658654858757	2184.2662253273775
362.06223628316053	2184.1758837564985
362.0578087707944	2184.2117063352503
362.0519417877814	2184.2026222366026
362.0447778261669	2183.806775059448
362.0537167139535	2183.8691948749597
362.04993082833533	2183.944902330725
362.04248640643226	2183.872403599932
362.03382982352684	2183.828602128137
362.02164644256163	2183.7635124225435
362.0006384978151	2183.734933612134
361.9624440472239	2183.6204484123714
361.93091690372665	2183.5101404725565
361.8795706688718	2183.5845768868003
361.8148239443437	2183.094344808955
361.74369809302567	2182.655197230336
361.6693579941637	2182.107402159639
361.59363593839316	2181.55148067576
361.52763719694644	2181.090060471369
361.4532108552398	2181.0407289874192
361.35508300289763	2180.6875797797925
361.25590032609773	2179.8123026864664
361.16077038061127	2179.37026842493
361.0665680199582	2178.685360352031
360.9731148447123	2178.2177275664762
360.8841236297738	2177.3876603759177
360.8093650574579	2176.6971417020395
360.751562629908	2176.074156981725
360.7140519631708	2175.6446480530562
360.67813711562275	2175.4540491964476
360.63961991321	2175.036620822779
360.5931678768983	2174.905580584639
360.5295192694132	2174.652995275269
360.4671196474263	2174.460338314581
360.40516181067744	2173.8493455304924
360.3436513969678	2173.609207292403
360.2740358942306	2173.4599021001222
360.1961725703033	2173.155468360426
360.1064347478828	2172.7616109178466
360.01398227689197	2172.0544814555506
359.9316771009495	2171.5483094783804
359.85144096806283	2170.932785297716
359.77378837511225	2170.194041960608
359.69409658682946	2169.5998910449207
359.6251272662597	2169.035962635318
359.5661713069465	2168.6713606665985
359.50818826964996	2167.966450739506
359.45870522258105	2167.7285074242013
359.393195003364	2167.4801825304844
359.31334769257353	2167.3695491331873
359.22900819240016	2167.0586647531895
359.13289899882886	2166.4351269887375
359.0410492005434	2165.8373774477895
358.9442989958717	2165.192966637185
358.849551694545	2164.5607693282495
358.75356998089507	2164.195788329492
358.6452659894356	2163.8246382606003
358.5364051545279	2163.2611524569784
358.4308598215054	2162.666142094755
358.3278026410769	2162.0347772563737
358.221853439313	2161.2835449490667
358.10865313921556	2160.812851440507
357.98989298855776	2160.410433053707
357.8650276684852	2159.664087893327
357.736700158324	2158.8628245859336
357.6198817160018	2157.89332068442
357.51288176179025	2157.11937999025
357.41361364137833	2156.4432027337425
357.31482956838596	2155.8885758017173
357.2208013656248	2155.108984461156
357.1199735888739	2154.6434334046435
357.0197890572123	2153.9115679227307
356.9354453870952	2153.4440458298236
356.8500998587999	2152.9872316081137
356.7627558686581	2152.3500740732334
356.6712267292438	2152.22553303405
356.57022420106847	2151.58976208671
356.4735496579129	2151.0975514333077
356.37126464408743	2150.2865145562587
356.2732529463752	2149.568625291967
356.1848892072017	2148.9259349274566
356.09702999988536	2148.3366028295395
356.00765133104824	2147.7048773161987
355.92371042120175	2147.1394664312206
355.8277843648921	2146.7348517485257
355.7363625209138	2146.240687381892
355.64314063866465	2145.7521583309667
355.5442441276129	2145.079904852459
355.4507522639003	2144.5232929874164
355.37157826660683	2143.8378079561694
355.2867920825751	2143.416602100418
355.19886526433345	2143.0093242824023
355.12391464936877	2142.399454271449
355.0585481514099	2141.8971972259064
355.00372941142246	2141.5246742556183
354.9551360371037	2141.0745829312523
354.919533670286	2140.4565867125607
354.89543230045643	2140.532776135274
354.87272851950246	2140.5185857794077
354.8389972969515	2140.5525056448237
354.7968245999706	2140.4367915097746
354.75216087162806	2140.4204794604325
354.6846927450514	2140.069763127
354.62547232514606	2139.703304530179
354.5573531916895	2139.348512087633
354.4983458756119	2138.9343520558405
354.44822235794607	2138.4108736552103
354.41078442488873	2138.0783594518407
354.37105702611194	2137.8298546868664
354.34131034712794	2137.641576224993
354.31196580079626	2137.5044722003768
354.27341633681067	2137.44162967284
354.2358166837721	2136.978777710852
354.2087876827675	2136.5963446947476
354.1894792288909	2136.3418029868267
354.16509975746624	2136.315645334968
354.1404464994685	2136.4007840621302
354.1158068471806	2135.8397492442527
354.0868186511215	2135.8500640080006
354.05118439459295	2135.2720167198668
354.0275083888572	2135.298074800465
353.9950575485029	2135.1583187866117
353.9565834908095	2135.110765014908
353.8923793710062	2134.955907876863
353.83364573466537	2134.4483927103142
353.7883558451569	2133.877972907724
353.7489189807855	2133.711834504084
353.7062080928817	2133.525829246871
353.64691231021436	2133.1277176782633
353.5860564535564	2132.9918987091432
353.51679625175143	2132.310091914
353.4579535921601	2131.803278731555
353.40016934457566	2131.430575025053
353.33735020821655	2131.266293432971
353.2592835850051	2130.977869448687
353.18778766868724	2130.363286071422
353.11770664361336	2130.106811525598
353.05256589837467	2129.4357822501297
353.0053098219333	2129.031592842745
352.9534870668846	2128.647560021387
352.9132954270382	2128.381237433669
352.87364632383236	2128.260419698925
352.83223408511526	2127.813059102853
352.79659407329353	2127.637419111486
352.7523289563544	2127.378182137235
352.69004394443124	2127.277926444478
352.617233320974	2126.8305265178055
352.5483811457848	2126.76858201211
352.46658848824717	2126.282393226092
352.3848459721948	2125.6866497480733
352.3079752433712	2125.4497193302127
352.2214020437926	2124.9658719834774
352.1468641006349	2124.3667719832533
352.0718730474696	2124.0309976101
351.9929156380584	2123.608601735302
351.91385027135334	2123.0137979102064
351.82978220931363	2122.451403542383
351.74424777577156	2121.86470139821
351.66021178133764	2121.4738640835994
351.5749592679733	2120.780162743269
351.49599070017564	2120.264460737825
351.4214301177731	2119.8529772499805
351.35850820695345	2119.310180663728
351.2990997877927	2119.0830279363263
351.23986745354034	2118.70202156623
351.1762322374207	2118.4645100152848
351.09226639552776	2118.0423268740055
351.0092520160807	2117.4714451034065
350.9157275224859	2117.2072277113534
350.80428029485887	2116.772734829766
350.6782118437784	2116.126448511779
350.5552806225235	2115.145320530757
350.4415662246795	2114.2971135748235
350.32860376416045	2113.8678485707055
350.2148268107536	2113.142057624131
350.0983029986606	2112.43038600329
349.98157421067623	2111.702207068168
349.86853305709457	2110.919970262148
349.7594056343433	2110.4514296404896
349.6561669752319	2109.576042082097
349.5609089476469	2109.0690457329056
349.4501806225628	2108.529419502087
349.34372197807613	2107.7265966169684
349.2428201043465	2106.988001088957
349.1211083754476	2106.321217295307
348.9979112054733	2105.5090295171894
348.8633396460042	2104.8099024535327
348.72083514811453	2103.971998737518
348.5691519769056	2103.139048884357
348.4062908528461	2102.193233668445
348.2323783089064	2101.135468764242
348.0604419738795	2100.104690172624
347.89171110958773	2099.0331415066007
347.7412494735847	2097.9369095007955
347.5945396896086	2097.223448059643
347.4400277006939	2096.2080186913195
347.2882339327486	2095.343764702915
347.1389877992485	2094.16618779486
346.98910898005295	2093.3285327805143
346.82593512187543	2092.738379935258
346.64884228455617	2091.7656371508933
346.46553753778903	2090.6957007479737
346.27556709504154	2089.5854523588555
346.07862693922675	2088.5665680292027
345.87628116500747	2087.5739312108026
345.66807147469143	2086.3825311633773
345.4719545144082	2084.8501018781526
345.2803518308633	2083.6853122884377
345.10485983527735	2082.352466349079
344.94482948438156	2081.4080009303975
344.79005575546364	2080.5834306556635
344.6285619170082	2079.571185528784
344.4757471769995	2078.4060450777406
344.31283673112654	2077.6787016481917
344.14449446617147	2076.6545645321085
343.9832626210856	2075.600263482842
343.82880141263246	2074.528615173909
343.68730679670915	2073.8563568089266
343.53412989100826	2073.1860853699277
343.3745544902887	2072.3602145042482
343.19828663973726	2071.462375499128
343.01306204251443	2070.292230177844
342.8281359003148	2069.080506165212
342.64074377224534	2068.0569437454965
342.44573949447516	2067.0450615479876
342.250641143747	2065.9599475157484
342.0569443118607	2064.897505458971
341.86357169201733	2063.7502423882784
341.6722943562731	2062.4859715134207
341.4954325337094	2061.3521441360745
341.3330623145606	2060.3634100103013
341.1659685380589	2059.3318364219945
341.008823271471	2058.3746981992967
340.8555134576584	2057.3834761292997
340.7167330763973	2056.308558314829
340.5826434247202	2055.51951405568
340.43735070336976	2054.8482532453286
340.27590636127337	2053.8368151360783
340.1053695714184	2052.9840789057307
339.9337860167309	2051.897141115586
339.766721012254	2050.9370014947717
339.6022036449981	2049.8786581282384
339.4348555588057	2048.803385803357
339.2648306161512	2047.6838194398667
339.09366800854644	2046.783708986518
338.90865160663185	2045.7996717148712
338.7100261992297	2044.606271828226
338.50564157283355	2043.490745070613
338.3124358329555	2042.16112855957
338.12879470129064	2040.8194658714376
337.9392805992929	2039.6954000717153
337.7440547239484	2038.5648258366843
337.5599692949229	2037.1516560672965
337.35941686102615	2035.9891255467685
337.15697843094097	2034.7453353410313
336.96279495408436	2033.6489574341176
336.76693606792844	2032.6118758180596
336.5695939345934	2031.4681775531542
336.36625909079567	2030.371501954071
336.16538712713185	2029.0397462503986
335.97665457608866	2027.6846464684356
335.78553197762125	2026.7167449011133
335.5905763864712	2025.6285643237657
335.40230046087765	2024.3321267304964
335.22553427536417	2023.2157979350245
335.0485806826783	2021.9608522017836
334.86275719750734	2020.8315078588623
334.6841624179969	2019.7320808045424
334.5033306083822	2018.920847246966
334.30390975090097	2017.9283050797203
334.08891290779474	2016.704417790487
333.87156481416497	2015.4934765423206
333.6535858315873	2014.2375262546968
333.44168287337317	2012.7319065245024
333.2472307230213	2011.1553890439575
333.0552343754255	2010.165444751392
332.86234108589326	2008.9389542864076
332.67549797710063	2007.884684182622
332.4794349799215	2006.6392031894509
332.2839558560806	2005.3568476418438
332.0914854685029	2004.2954534718322
331.8904515052137	2003.114694981964
331.6847783892457	2002.0405642590556
331.4762988260226	2000.9087204692567
331.26492991479313	1999.62472898537
331.06169292800007	1998.4301096238091
330.85222313852876	1997.2514043966637
330.63639137969386	1996.0474657441296
330.42171778816544	1994.970629903292
330.2072371093928	1993.894430587151
329.99912861951293	1992.5092677087252
329.8049313140807	1991.1285133345739
329.61894250275725	1989.7978759960356
329.4347413077416	1988.5184320724711
329.25460250161717	1987.449675429892
329.0688970902449	1986.201514866123
328.88801545183185	1985.1812958009748
328.7179807896743	1983.9091548209299
328.5428339526746	1983.0819996161965
328.36777562446423	1981.8328823546842
328.18947557035244	1981.0256258420561
328.0038739587435	1979.9368665017987
327.8200468667388	1979.0033046702524
327.6292050346426	1977.7119480929362
327.44836588203896	1976.5206551057247
327.2760655888865	1975.4204255724849
327.10170388612926	1974.3994285870647
326.9095069747893	1973.4274372162995
326.70383438764884	1972.256233038491
326.4970346422751	1971.234427083301
326.2903108637915	1969.9912526743756
326.0859178475208	1968.6061590773263
325.8788561599786	1967.4909331066794
325.6777290430979	1965.9444923497958
325.48074329297447	1964.8122986554258
325.2898538677795	1963.5874716866567
325.100120711868	1962.4860222138602
324.9124856325273	1961.255264033701
324.73427585297514	1960.3135033016301
324.5411416919865	1959.165533414978
324.3506857454269	1957.995135148165
324.1556417059793	1956.963948030948
323.9643280614316	1955.6472556243818
323.77919876116533	1954.4707287936826
323.5981915678073	1953.2553066635128
323.4240338542358	1952.234763699833
323.24469422291565	1951.0043182190527
323.06364014005794	1949.9549500825829
322.87482402982437	1948.667808748603
322.69049173443784	1947.4335182671375
322.5142274089265	1946.3497215509267
322.34142473950294	1945.3882467588742
322.1572614054912	1944.1808076563602
321.98207147160923	1943.0909673200908
321.80044816181146	1942.1139017975358
321.6149856479916	1941.1007776243396
321.4200477913144	1939.8790361642812
321.22884788502705	1938.7051314910536
321.04938023391674	1937.262862916281
320.8899256186749	1936.1053975070552
320.7308633673003	1935.2013733197286
320.5648570014484	1934.3429502134152
320.40136106494236	1933.261783986314
320.24568668768484	1932.1156568666443
320.0966500780324	1931.1846717801707
319.9426269175319	1930.1613896007696
319.7864369853674	1929.0754928966246
319.62486022108897	1928.168688269511
319.4594732517171	1927.1766801058568
319.2987600022262	1926.1012710352666
319.1500178000409	1925.1850042896763
319.00173880128915	1924.345793842503
318.8497742823292	1923.3853777076754
318.6939100909056	1922.636056684597
318.521965214054	1921.6660037689655
318.34916310009226	1920.641357477063
318.1676892791824	1919.638166046695
317.982575713761	1918.625090130671
317.79378376819164	1917.6386800949304
317.6026230601947	1916.5027418446969
317.4084133041667	1915.0667430109909
317.2206308390592	1913.9269891873612
317.0394129370196	1912.6558983194057
316.8657574366334	1911.6016143163329
316.69754990270303	1910.4584048466738
316.5304009698481	1909.407050666397
316.3616841697095	1908.3098896703348
316.19333183898635	1907.1665802374755
316.0338660623538	1906.3317140135073
315.87987975219147	1905.420645024444
315.7279681032387	1904.5099557554017
315.5730459881367	1903.6052585525636
315.4031296305737	1902.803160957445
315.22187718067414	1901.751325510113
315.04861268909093	1900.4826701568393
314.8934956370684	1899.2398916408686
314.73233515882146	1898.561891182822
314.5711447981337	1897.7151104512238
314.41006099905184	1896.6289675559144
314.24869100559306	1895.6012254266611
314.0916028355123	1894.6592236612212
313.9350921266366	1893.6848611741682
313.7803229278361	1892.5659969672458
313.6257124520329	1891.5795847035397
313.4811609773594	1890.6777642981622
313.33904904589093	1889.8977153852898
313.18538236830415	1888.6915867398106
313.0405429852641	1887.8002466526364
312.90328275967227	1886.9901902068177
312.7797781706371	1886.0145588106006
312.6641851687811	1885.3235194537579
312.53850063639413	1884.548002350965
312.41889251746807	1883.7501862284412
312.30480566540155	1883.1036470911608
312.1989938939434	1882.212654981993
312.1058420495793	1881.4925764208797
312.0194166827823	1880.9425512146684
311.92324335948683	1880.427692909382
311.82078140435647	1879.816183963671
311.7188612066523	1879.0790945219717
311.6261058819314	1878.3507011088464
311.52776538398086	1877.6357299142376
311.42066419795907	1877.1133770429162
311.3013816404044	1876.3773895479756
311.18061802534226	1875.4926889706828
311.05561324771963	1874.8970224928548
310.9300426254507	1874.158088627415
310.80076263535193	1873.594277353081
310.6745115861829	1872.8161469655888
310.54806555803583	1872.1180499889329
310.43416538770583	1871.333268872554
310.3174178768743	1870.6935415672278
310.2114646845596	1869.7603767661876
310.1070314980794	1869.1487701016304
309.9997465140699	1868.450720815665
309.8980785410756	1867.7520538408598
309.8009294695793	1867.2534947097424
309.6914382285007	1866.6918941079641
309.58367292397696	1866.048562838913
309.48778563499167	1865.4538496612647
309.3882861227862	1864.825923018546
309.29089591009665	1864.222224370087
309.2052132637184	1863.7005733145288
309.11711422151126	1863.3474328889931
309.02004337485386	1862.791286268989
308.9260278031162	1862.1507085461058
308.8407809605732	1861.4718493480302
308.7656144445171	1861.0478368976871
308.68803408700995	1860.6206167176827
308.6074802810053	1860.2095492778815
308.52958072470943	1859.6437871612418
308.4421873620157	1859.2254654264295
308.33781943467426	1858.7841061625509
308.22711296018616	1858.202120408672
308.1245907630167	1857.3293761185987
308.0308401223135	1856.8948692131958
307.9300413595858	1856.3724061235644
307.8148855212937	1855.8762532841583
307.7019799870137	1855.1448913577933
307.58390717657176	1854.4388749225711
307.46259082522556	1853.6118798613943
307.342553771267	1852.8378186928273
307.23021645179085	1852.1664993231939
307.10882384091093	1851.4855128184863
306.99347920281184	1850.728660356578
306.8762540711999	1850.0166503004675
306.7462367989682	1849.496363272615
306.61324156754046	1848.8121358550682
306.47911204786044	1847.8413195047801
306.3512874611609	1847.0428780359657
306.22758409485516	1846.2693410748782
306.10298797201625	1845.5907820504813
305.97894605931975	1844.8597499681484
305.86572430744474	1844.0938141864758
305.76876547071873	1843.3594272936964
305.6691035436337	1843.0419912015525
305.5598736432913	1842.3113960914861
305.4575646408276	1841.6337519355711
305.3592192377646	1840.9247715446108
305.2529172224283	1840.4002966273636
305.1523134714206	1839.7884130964844
305.04418587621007	1838.9987112817191
304.93223537525733	1838.3847326692962
304.8308495189121	1837.7902616671706
304.74373648246296	1837.3258452988246
304.66234384769535	1836.8188163803559
304.5824846068165	1836.365020989754
304.5000330014163	1835.752805128402
304.4161676168188	1835.274881991158
304.3340861515476	1834.9611345717474
304.25095029165993	1834.4326198428305
304.1792537093207	1833.9074637793137
304.10375950756145	1833.6001244169854
304.0228072211199	1833.0083427762052
303.93231761419145	1832.5775549882026
303.8292979809987	1832.1910140143284
303.70976310947685	1831.5518881157284
303.5808943599011	1830.7583195384784
303.4530853015231	1830.1017062443361
303.3231012740382	1829.247009980282
303.1874032746	1828.6076892925669
303.0342427565798	1827.7867708971326
302.89083377491124	1826.7969253816125
302.75149742889295	1825.8752076280512
302.6225929244103	1824.8868759364298
302.5046108727881	1824.051240273407
302.3993217100139	1823.3247483298358
302.3000310301474	1822.699247208539
302.19269564860406	1822.2082962307943
302.07718376707237	1821.646254694822
301.95385769777744	1820.918624853345
301.82587582341546	1820.1092079379362
301.69525075956267	1819.4877084810778
301.5605694159425	1818.627114985879
301.42663622158835	1817.792542188891
301.2906556280236	1816.9991401578527
301.15583205835674	1816.2447077588229
301.018184019444	1815.5585021650636
300.88191766371955	1814.7630630520327
300.7424689283249	1814.0122848328135
300.6045014258598	1813.100006248846
300.47020560701037	1812.252559677347
300.3303710301288	1811.5204358178344
300.195388194207	1810.6582368233958
300.0579613231187	1810.0357285316518
299.9073490101809	1808.9627338212456
299.7518795306906	1808.1251596463278
299.59005173983934	1806.9743976977604
299.4421351629825	1806.023987154011
299.30260121967075	1805.1874865999923
299.1562165154596	1804.372818004025
299.0076481074448	1803.334525873314
298.863768196016	1802.3458399056233
298.72238424171405	1801.4354160066798
298.5739977420023	1800.7868062414332
298.4165217658384	1799.967710736128
298.2509209353575	1798.9319707526993
298.0852134090308	1797.9270138287072
297.9222589100584	1796.8551939186532
297.76366461025344	1795.9766460945073
297.60074879695696	1795.019801488057
297.4373327519838	1794.0806847765587
297.2722027747497	1793.2350342046043
297.1054027988086	1792.3789938056273
296.9428591093334	1791.3720219210168
296.7821641014928	1790.4798422004626
296.62513155498004	1789.340584753841
296.47340549580844	1788.502457741513
296.312938951768	1787.6527365499599
296.15591778384817	1786.6585393925059
296.00217435544204	1785.7151242840775
295.84986484197856	1784.749526221888
295.70906831481904	1783.6787756793592
295.57987252582114	1782.801674605639
295.4592367894488	1782.1712424651223
295.33607070793505	1781.4024175297584
295.2205135734096	1780.7102446463616
295.10866436991546	1779.9995265859914
295.01119807880656	1779.334768760573
294.912031424307	1778.7619556040356
294.80802818150414	1778.0987455590857
294.7014472412367	1777.5321129982979
294.6003009873551	1776.8250974514408
294.50017147746166	1776.1142345860794
294.39677096117146	1775.5260502101744
294.2991526021814	1774.8204530664013
294.2017554073487	1774.2583421779839
294.1037476900204	1773.6418580847865
294.00134575482406	1773.0495195475341
293.89422051311305	1772.4994290992126
293.78207166868634	1771.7875390425604
293.6643822160728	1771.2542506234875
293.53438787175173	1770.4649057415627
293.4048487103952	1769.718611810994
293.2749798327597	1768.839435310944
293.140657982123	1768.1949790275444
293.002690142109	1767.3675031036553
292.86819926308203	1766.5108231857505
292.7307899603872	1765.6967712903331
292.59190681824936	1764.8938246949676
292.45217102361295	1764.0056447064726
292.3064497463751	1763.1414062328963
292.1615965251929	1762.3322796534962
292.0178065713109	1761.4995198598863
291.8803036623266	1760.6249244119454
291.746081980544	1759.7901167391137
291.6186342138883	1758.9167038265734
291.4931241219837	1758.2637133697058
291.3595689332735	1757.581841777177
291.2153050089007	1756.7855702535926
291.06461794367107	1755.9107908605013
290.9094763852137	1755.078307776422
290.7550058429698	1754.1310774227802
290.6019434829695	1753.1825060432107
290.45365358327757	1752.16419412649
290.3078169019569	1751.4761016769673
290.16691695347305	1750.3648283849484
290.0284287229111	1749.573307090705
289.89583238302566	1748.787788421779
289.757101560338	1747.9358135360728
289.6146944374477	1747.0714897937323
289.47292081384245	1746.2697175023893
289.3182153304058	1745.4582614107399
289.1627636438812	1744.5932148386173
289.01623633474355	1743.7916184903197
288.8664037793708	1743.0381541904642
288.710999196304	1742.1533692174141
288.5633344519808	1741.0817008550243
288.42181444916304	1740.358452190004
288.27937512156905	1739.5031888316953
288.1304936296946	1738.6478355192933
287.9813917561892	1737.6457515683953
287.843186206533	1736.69029165292
287.71678941347056	1736.028648952871
287.5928388202886	1735.2560289866858
287.46489653992023	1734.5172581079996
287.33685413327555	1733.758541481853
287.2141631813662	1732.9743161471386
287.07625284722036	1732.2522509583005
286.9353513569759	1731.2140403179997
286.79589667819903	1730.338530689808
286.6615168866472	1729.464950773061
286.53271774429635	1728.634747427371
286.4010662814214	1727.9500867680697
286.2666135540282	1727.066706305967
286.1262295508915	1726.39594653191
285.9843117739092	1725.4294062315332
285.8423188758146	1724.5388770769528
285.69907073745225	1723.5076121789816
285.5587977937049	1722.7798532457005
285.4131884062757	1721.9721750653346
285.2722054943277	1721.097381393446
285.1278466626056	1720.3539289913576
284.97782488735095	1719.5855268888336
284.82708904251683	1718.7368505512775
284.67787015385215	1717.8688467809204
284.53066162903104	1716.9468166240983
284.3796119316635	1716.2280429183845
284.2282938079752	1715.4978522956167
284.07964262842495	1714.6045046436748
283.9316123717326	1713.724301301392
283.7843379610849	1712.754686666292
283.6417211566163	1711.8978143805157
283.5046526754456	1710.9619324978698
283.36995435220064	1710.1061317268316
283.2384938558653	1709.3541452477634
283.10476446740927	1708.5510037222632
282.96753562841144	1707.820093554591
282.82507083787226	1707.0014274536472
282.67757644012755	1706.1336851071924
282.53070952411576	1705.3534565382438
282.3832415637329	1704.5693875004838
282.24386630885795	1703.750340829324
282.1002062908263	1702.8961025880126
281.95357513612674	1701.9775472413246
281.8119199899902	1701.042798575814
281.6807958551513	1700.1810367740427
281.5540357150368	1699.4658918250882
281.43129520248755	1698.7102857724783
281.3171762084893	1698.0159709406196
281.20677518647074	1697.233537186958
281.099780579769	1696.6744036387283
280.9815011159789	1696.1665875242916
280.854480454692	1695.4769657099048
280.72895623914906	1694.8054153511089
280.5945861184298	1694.107821560503
280.46042795746183	1693.2829648605925
280.3352945804842	1692.485156810843
280.21163333327394	1691.8792740042013
280.0908746993407	1691.153558376724
279.9664399975274	1690.332596744898
279.8444907295631	1689.7274566542967
279.72453693639216	1688.9974144264181
279.60612643960707	1688.340438909185
279.48458988100043	1687.5462211372467
279.3739647622921	1686.6817117968733
279.2727820004011	1686.019831786345
279.16468917802075	1685.3707398358001
279.0579347877339	1684.8293907152233
278.94333224263283	1684.2948035905517
278.8309024040665	1683.4564596719194
278.7295954157838	1682.821120856548
278.6260099663849	1682.2623489183588
278.5200957191924	1681.6262564697076
278.41344235017107	1680.9226134347052
278.31022562073474	1680.4018938231557
278.1984424397151	1679.775295133678
278.0880527014293	1679.031192174985
277.9733430595882	1678.4407366926673
277.8483438561449	1677.7520795389155
277.7278680983562	1677.000980071175
277.60145360790216	1676.3304744149768
277.4763517271377	1675.6408816580185
277.352426421347	1674.868886316979
277.23658943302036	1674.0297089967419
277.13279931625095	1673.3170679278076
277.033226234127	1672.7548032767895
276.93849351533606	1672.0703420619336
276.8470819210549	1671.4684004108103
276.74547961447655	1670.9027729004092
276.62980271800996	1670.2609611653832
276.5100180385973	1669.4877959938844
276.3920238261048	1668.8230166575397
276.27483868692127	1668.1010577330187
276.14723788472696	1667.4135349217545
276.0138129361023	1666.4079341503366
275.88308000737345	1665.6396551518328
275.75958181447277	1664.8444772860762
275.6345442623309	1664.1281868355843
275.51838115954314	1663.3598016104859
275.4033059356969	1662.7475688034983
275.28223993798395	1662.107802062455
275.155340372283	1661.441422357355
275.0341837615764	1660.7481522221985
274.9118489023784	1660.0038920982763
274.7972415467312	1659.2187875651107
274.69066187669847	1658.5610203067192
274.57914805927834	1657.829814893665
274.4748133520766	1657.0809866738903
274.3785709311257	1656.4684094648098
274.2847271271393	1655.9487567978
274.19513112227867	1655.393751276788
274.11318176286113	1654.8501539229494
274.0389395026652	1654.31841734545
273.9601450833224	1653.8114198153185
273.8823823951448	1653.302029804563
273.80234781438344	1652.9263093292593
273.7181127959933	1652.4731077127713
273.63649699269195	1651.8279760412424
273.5592795518008	1651.4949281684717
273.4743013894438	1650.9679676368296
273.3971186174815	1650.5398801958877
273.31743164040523	1650.1224911879767
273.23257613707875	1649.6393230211268
273.14272512945473	1649.125946706269
273.05488214534387	1648.6504604303782
272.95847707255496	1648.0630036743246
272.86164448645746	1647.4472059627656
272.7714623974675	1646.966023582777
272.6731836331994	1646.5816561894846
272.5622640636198	1646.0263467159064
272.45195636433994	1645.5087943364558
272.3451057262413	1644.8492849665815
272.2320402631894	1644.2719542488119
272.11479548372984	1643.5496066448013
271.99928583604384	1642.8292328646328
271.8782606090968	1642.1778933402077
271.7530237453951	1641.3987548338644
271.6292962556437	1640.6287777916286
271.5052275311727	1639.7462881479264
271.38774334201986	1638.9802534616135
271.27810810011624	1638.1599507509914
271.1607065064598	1637.5218348237756
271.0343223571713	1636.7362206154398
270.90616356681613	1636.0498781420706
270.7751618458581	1635.287052672049
270.64823482809203	1634.3546454843083
270.52540218951395	1633.64122757962
270.39692417756	1632.9189358375997
270.26975726390157	1632.2886270237566
270.13714922998037	1631.532700404455
270.0029925048562	1630.8597503984736
269.87013919000725	1630.1440510285872
269.7400908520186	1629.3948098061312
269.61117202950294	1628.602050539949
269.47960061404683	1627.7430797026802
269.3578461037745	1626.9518975415722
269.23102492214997	1626.1051693194222
269.1024792381394	1625.3483076458683
268.9756760881231	1624.5769266580605
268.8449374398516	1623.8317494760784
268.7127205218599	1623.1357958149251
268.5819634029959	1622.3404078752947
268.45138196914746	1621.6706534518516
268.3199006092597	1620.9620531246176
268.19157143084345	1620.239175377035
268.0637261338162	1619.5191210959724
267.93420767632654	1618.7805840976007
267.8068383621287	1618.0880143383629
267.6768339578828	1617.3793787068992
267.54483092834005	1616.6502690118803
267.4167726690135	1615.878912037846
267.2925733493062	1615.1143965318552
267.1696480313433	1614.2917883262833
267.04787279640715	1613.509164448841
266.9310184932878	1612.6496375393708
266.81391099506845	1612.043138019063
266.6949236213419	1611.392319546182
266.58508813700354	1610.5674278695153
266.48266941693095	1609.9348736798556
266.3854089269597	1609.3008212442571
266.28503653085596	1608.688872069126
266.18790315359	1608.055716965146
266.0849349872863	1607.4118443333623
265.9809815667795	1606.867905581666
265.87551394242723	1606.2170501353642
265.7771342816575	1605.5765284944691
265.6829168132274	1604.9937144850487
265.5835237952997	1604.3715456564871
265.48756634420334	1603.7944872064327
265.3939585088297	1603.231618164504
265.3029407917019	1602.7329473664702
265.20800436218025	1602.2590394175722
265.105720525658	1601.6920972482449
265.01087224640315	1600.927813278891
264.923858721254	1600.396693462739
264.8345109578652	1600.0126555441873
264.73599008739575	1599.2428143725588
