4.389827671437231	64.241380557618
5.155945180321624	76.38437304180196
4.703198454462155	75.58711801814154
4.786955204306944	74.60189928789983
4.551707180977673	67.59961159867758
5.323925300115356	76.97241397757068
6.5690281792343725	90.45874869765363
8.17852936302338	111.8431365883533
9.983023927276284	136.13214446285875
11.066860738999356	149.55217214864007
11.654437453953507	158.59646844555164
11.260472620193056	153.2616311255015
10.770325218142982	146.1018029591595
10.349192161171382	140.66863131689732
9.844371149285115	135.05997003592827
9.81345232410245	132.13063437782023
9.879645587360704	132.94509893282387
10.657879618611707	141.23325138774192
10.878493608611945	144.70808300837905
10.56888118514494	140.1398610184957
10.581963092474547	138.31196573151553
10.616542294531158	138.47663862431943
10.726910712201986	139.784105598099
10.739058862662091	140.96850284624423
10.536881878180333	138.88684373699465
10.321621796158153	136.4553390000505
10.101874620043985	133.92010543757436
9.875585984132256	131.1540272991486
9.644151691739443	129.1826323604855
9.411057766511503	127.27200585815449
9.44178552177259	126.89104819723076
9.39964749980379	126.47037981514778
9.420711372597482	127.49834940357162
9.557332148101265	128.60789961824537
9.461472300643429	127.94006330554338
9.39017434548736	127.24452061638694
9.298981115679581	126.64869985771051
9.147169064673976	124.36222699733499
9.01607917685793	122.80340671619754
9.014990018171838	122.30625236634988
9.036368651525498	123.35997160237187
8.956111015112102	121.93084688318429
8.866808931230823	121.29568951521641
8.74107764645921	119.87763629425656
8.819360064469992	119.9006655290085
9.183162270122716	124.97794805488805
9.150011964651462	124.05304682842062
9.058744736009167	123.23658403260461
8.958239646603925	122.441769228319
8.97741781001208	122.5307253413682
8.958538479057548	122.48940011578628
9.073278785417891	123.88897072429273
9.054020860152384	123.30529479778808
9.083001881449107	123.44348194584212
9.015369282690331	123.08944407477821
8.921297246301107	122.29930129565788
8.869141308072223	121.57299909259311
9.019859599615106	123.04630108449574
9.123297602397084	124.79317431407513
9.062378974725034	124.04777303806333
9.018210591164648	123.43549275864125
9.040223110184703	123.3662141228364
9.00535716189581	123.2895692573811
9.000160795477235	123.03530599725664
9.140055983464464	124.68072170516376
9.179634009094658	125.43599267084643
9.269152999743097	126.35467975232946
9.458556715530044	129.06659330889133
9.49233026510493	129.65439557086484
9.716638343655195	132.24199949238
9.99984268643907	135.9697728829427
10.037800913866612	136.57732267057332
10.093718438666043	137.21442197814056
10.282880012721025	139.57807171041358
10.544583519175056	142.96663403521373
10.680172829913598	145.29113396301173
10.63992022491132	144.96146104121604
10.600307646418921	144.5917801959622
10.515225246280492	143.84463973265105
10.50351014830223	143.59683483865348
10.470919943950095	142.825346414808
10.42900902891958	142.2137594852646
10.389621395811949	141.71546028797283
10.33004125565136	140.59791501072044
10.299566676642051	140.03676366532318
10.271460252921848	139.47561817122525
10.219542235356059	138.81345425071953
10.16474443330198	138.11078385956205
10.129965013994568	137.74895129799995
10.08082669672769	137.11955708394422
10.044444192180645	136.79886577525366
10.172377389406583	138.40651513312892
10.253570463899845	139.7189821454122
10.243301670440227	139.47904737148738
10.190662719908985	139.09668942401365
10.126514159764495	138.67979448461568
10.061824682452638	138.0802161090675
10.138077582635267	139.05270862113576
10.096150323622076	138.50146171431686
10.070616024829448	138.07974439890037
10.023217191310698	137.23609620272117
9.964371143075562	136.48601476188446
9.937455195419561	136.08126104070848
9.904108147797846	135.91738474209126
9.91143795518416	135.83219299027004
9.860734400213943	135.59842331962327
9.852155900462726	135.15136940369112
9.84472776684825	134.67138680414936
9.995475187808854	136.55819454404414
10.255399876411902	139.44301438870673
10.54596442548579	143.3390266810084
10.868168298391772	147.84228940314128
11.000166074386998	149.91181102372894
11.020468555976285	150.3090825979101
11.061651624925918	150.3948693831977
11.212960014315895	152.3666569692043
11.244595433503951	152.74198905414912
11.207582475094345	152.50756087578446
11.205414623194573	152.21967353425705
11.238543630975409	152.87646730214598
11.20772564851028	152.4603489004976
11.159388818759647	151.80584678187333
11.11118987825481	151.1252880603284
11.058386212199924	150.43772795532647
11.022981603058419	150.0133587786851
10.96541206142911	149.28599889139304
10.903811243999057	148.55541154884511
10.877267652866028	148.14225141693248
10.833809808094003	147.5777682412084
10.783148377140165	147.248874897946
10.724740005049357	146.47516323143662
10.739013067820316	146.7189641144433
10.729044230174924	146.60577561098012
10.684991542296382	146.02640149599128
10.642593726471578	145.69039916248263
10.603874488851092	144.88884097293808
10.559011253486762	144.36971474330343
10.573936075052181	144.49940700024086
10.605274808665655	144.90169053780085
10.638970683138828	145.36004186463805
10.75410174245717	146.81249111054
10.790904132797607	147.38458353870092
10.786550973845532	147.4408273946067
10.75672221436481	147.05392394320498
10.755353249071085	146.82500120337596
10.780331724953088	147.00452352209413
10.791218889122598	147.1529848517167
10.768552991825425	146.88901776873755
10.752969027311956	146.54198643933165
10.718233426121591	146.04708680564215
10.701651819043937	145.88770009116743
10.667715545675687	145.36017596985252
10.708417121943041	145.98050071207464
10.739568212542313	146.4054445027338
10.70716315199803	145.98536477591736
10.695454778917286	145.7833941033075
10.679295517344467	145.79559967167998
10.681267598415154	145.7584811185047
10.75011708615095	146.5715549548677
10.76349906309128	146.83756004792477
10.730550957278545	146.4497347377171
10.691371496301004	145.77097902103668
10.646262283116391	145.25731742316358
10.665791618745578	145.4426129829477
10.687371568807245	145.77704399451306
10.659192811873186	145.49206578904707
10.628904705218101	145.33518715377684
10.597193668843538	144.99757320747068
10.584324609834523	144.68192443209827
10.556676800346334	144.35997233348135
10.514572709739731	143.76268123929054
10.541568153796977	143.78665523025808
10.563342655731502	144.12131541335933
10.583508289308025	144.33942069281636
10.573416756325738	144.16423314037363
10.538291118474222	143.666865751482
10.517912081439693	143.29727556753647
10.535840964557202	143.41420023124678
10.543692311492972	143.50431558154045
10.513323943951038	143.1466195091147
10.510270682851214	142.85549388701685
10.50543025275658	142.68569447768863
10.520968853946568	142.7762180401256
10.50786995210624	142.60219332660424
10.486741940227521	142.19745362379456
10.608791682406082	143.42109651792995
10.786521418775008	145.93605488792454
10.906302553838072	147.59819173028387
11.044865218358435	149.23003881340955
11.115293488989552	150.11769431871113
11.131506609042212	150.48609854851014
11.131261879557353	150.3660141327829
11.12519403062737	150.27382115316297
11.161347633488239	150.52495244317004
11.220517967390036	151.03550416286015
11.305524158604213	152.20717127087053
11.356396195659778	152.90192850279854
11.406757024847497	153.50280182947387
11.44920060622752	154.1362670404772
11.417551384482184	153.90992654869729
11.401585287430226	153.61760536953932
11.368160872528602	153.27857356205945
11.362489291592187	153.19362361243216
11.366161209961286	153.09982745655563
11.39952063960358	153.49108250356466
11.381577518290047	153.40926731297077
11.341217649065639	153.1064382623201
11.310569706363895	152.51854125918857
11.27975189545181	152.1437977508177
11.24244752864726	151.7784622960646
11.206612109256909	151.30181220336243
11.168859270563289	150.92732383032654
11.133412506066378	150.55021884188855
11.105364346970356	150.00302778782907
11.072216138916092	149.5618724523789
11.041522811227134	149.15377906348175
11.011389307128248	148.8458147620615
11.012079244613053	148.81495662727735
11.02455613369827	148.85189847588734
11.061858195481292	149.13341658700537
11.112391202938895	149.9901337041019
11.164222779702131	150.7119159071692
11.216098029049252	151.49544884780428
11.193255968297446	151.3758907364657
11.164617009936453	150.93363672550996
11.15005612597453	150.84781110260548
11.130231784097141	150.56988170372384
11.097572774263476	150.22243771207656
11.08037145618477	149.99438798805764
11.094011594334098	150.12488723449974
11.064199165357088	149.77029048907522
11.045940968841876	149.49878297155786
11.025959406749998	149.17537259877875
11.011035237895703	148.84934983634776
11.009616386404515	148.77859981625113
11.011771153494236	148.65733581223927
10.994155167671575	148.56684071480927
10.963805396394378	148.16233657653436
10.958538123886353	147.9015874790416
10.96317650150854	147.97051422028815
10.973038619182052	148.08225705395554
10.944825702405993	147.85901488548413
10.917366642625968	147.49370427119283
10.946504695099998	147.75661878686495
10.964513747901501	148.07381910344685
10.967383744709183	148.10483446645824
10.959464582391975	147.86895949654524
10.975986654047116	147.93721142409072
10.981442545544564	147.91088318650662
10.99617266920499	148.1830833151638
11.00571103300884	148.318575532111
11.033442068060742	148.67270659397508
11.012783531648639	148.36178027199733
10.98429055187339	148.02421788900935
10.963331529355612	147.68354675054636
10.961747361701084	147.60448801244726
10.960352114397892	147.63157722225853
10.982784234327628	147.8121195856415
11.02611100860956	148.40270662900377
11.036102735462446	148.5189809120775
11.060704329894927	148.72971819187384
11.07096574677412	148.888340781361
11.064985591139322	148.841081432304
11.08702151593768	148.98067595223915
11.113608099822823	149.29568163843604
11.124909109145435	149.33015086796226
11.100292965210478	149.03343387758855
11.078278846780153	148.69676448774456
11.056347992857882	148.46044642665422
11.027735204752378	148.08464051484665
11.014606945194544	147.92889149169105
10.997423378502681	147.62127779016058
10.976756524488216	147.29194058426242
10.966576419832506	147.1639183267614
10.951996737257788	147.06050306378165
10.925925187529039	146.77806530826
10.907924879326078	146.4020927839765
10.896190423838808	146.27642355703972
10.898418949941753	146.26756451696284
10.915727430513218	146.59010458242216
10.914883615939374	146.63341654558107
10.913520405058705	146.61116733115645
10.8985927365132	146.40672837501464
10.883511245385266	146.17721417312544
10.864598069951848	145.83925504055227
10.874225722894787	145.85095623332634
10.91817682905475	146.22103359493798
10.987938313507065	147.0960443580819
11.063245256728266	148.20509328784325
11.128133372699798	149.01456109364068
11.252083192270845	150.5681886397791
11.344739922331714	151.67875720342218
11.44482737966516	152.91082636776224
11.527558317002534	153.88688414728693
11.608569488266454	154.90928825581463
11.687727331820332	155.9886055558846
11.781446913843224	157.3095938894464
11.828363548184207	157.91170032231062
11.893549228862529	158.76945692826368
11.925793905548279	159.2583205726276
11.92206311212859	159.30190870450707
11.907786626154444	159.11001671402252
11.927599207157598	159.32678441302377
11.975108768089793	159.8901866115507
12.025630829201248	160.4820565700983
12.08145930478674	161.2031924680915
12.12175065896921	161.77557393024495
12.128797445475124	161.98610738792317
12.106864116078178	161.71560570060004
12.078653223150777	161.39579737849277
12.05344982565983	161.11559724003334
12.032222932653944	160.8650287812377
12.02607785515225	160.75858930878235
12.021602500453138	160.67465317015885
11.996458520083646	160.46218402667495
11.980292245683733	160.1313648066388
11.961426146748499	159.9678844826883
11.95072522659458	159.80085312468844
11.93815801327344	159.56448629480167
11.942032733569278	159.55951877843196
11.94604928284882	159.62321991667068
11.932962258062366	159.4472859989468
11.908893461434456	159.1794987811295
11.887711928892367	158.98260862527474
11.867279299820582	158.66434442682302
11.847361018557063	158.32095478789162
11.840214464859722	158.24591812030172
11.838660017139544	158.2454860676147
11.823843314611672	158.15331822099813
11.80613097463784	157.93621599758794
11.794566141737993	157.72680868305235
11.828877648490298	158.13116083362104
11.849058341609773	158.4527044144351
11.840282723698857	158.35508928395055
11.828572882050896	158.11286488622318
11.83229305380307	158.0670783678206
11.823678298485442	157.99284641524645
11.813324422607268	157.81188280787694
11.798887495401901	157.5457044945741
11.777990178105918	157.30718844670875
11.752032628411465	157.051984047952
11.725856068250943	156.8134557616754
11.70396650815772	156.5396963268288
11.686525639712606	156.33540035253736
11.667577242469768	156.01992824250107
11.645251272498825	155.86062563162739
11.638613444304104	155.6800076521902
11.646339841856555	155.73203707852883
11.656755785083385	155.80038688956964
11.672213380517645	155.956277273702
11.659958049750989	155.9201959032234
11.637132059362413	155.5644212253366
11.635088486840809	155.53595944929833
11.634324228612547	155.5441849411806
11.624474195650528	155.47962346478198
11.600992407540561	155.20305513296302
11.59199640441305	155.06186409966753
11.57007085539417	154.86361040255187
11.554800004594698	154.6575480638427
11.546359761513408	154.5237737601279
11.530161560843819	154.38171441429603
11.529164088061798	154.35705109595781
11.544230923036542	154.4620650595713
11.559197872287964	154.51884045240737
11.580924638945413	154.77984230029165
11.60922839247414	155.1665584291689
11.604646350299205	155.16079460441745
11.582937480454413	154.86935907035644
11.562976492142608	154.54530608892225
11.540898885591373	154.31425360498002
11.524561246600596	154.06686286088348
11.504542084976306	153.87187160651555
11.491361066584426	153.70347876545063
11.472184228349473	153.45482479995866
11.475399667372422	153.42355013144436
11.478405348857807	153.44443272729146
11.478301607580548	153.44198473125024
11.480244022120988	153.4126410688147
11.480876535970685	153.3931447874225
11.474339242999825	153.376874444926
11.465631560486361	153.22362765876449
11.458967300735212	153.14258340133523
11.446917827083945	152.9094760605175
11.476989928700803	153.24824570140711
11.501720100754621	153.5778811144829
11.497644957694485	153.5583053000362
11.500584196467058	153.54390814312302
11.481956133402058	153.36504606475887
11.465007946008727	153.11168133007237
11.453287797654841	152.93707741713638
11.442043606776553	152.8124462117859
11.421305032400433	152.62149557565587
11.408041663917835	152.43476082945352
11.424368573179196	152.66071622326257
11.416461991283452	152.46824591119247
11.402794592079765	152.33646303539635
11.384335330147984	152.03793875577338
11.374529138235726	151.82144979136365
11.362120848443146	151.70617574579012
11.358666456795394	151.66796203603784
11.35293031621352	151.6497354033839
11.339042382430527	151.43837334705745
11.322780565196368	151.2038626314796
11.321023960705352	151.1631710961144
11.309605594694611	151.01017415858252
11.300266747241865	150.8436067527768
11.291470401385798	150.71752238441732
11.277666809043815	150.54107829542767
11.259288968294502	150.37713686859593
11.246633535213622	150.1585807145014
11.2365076655165	149.99852705688448
11.220734258727045	149.8037107777817
11.211012571102177	149.68151482341105
11.190688126555102	149.49002047000505
11.172349151889954	149.3485230484875
11.156482321281718	149.18343444740634
11.140657596484763	149.0424837258624
11.130509559392197	148.83406896440172
11.112621263173867	148.6729277612352
11.091391521686237	148.46651776612254
11.081674015465065	148.24864189734134
11.06656983305	148.15499824063954
11.064851633541409	148.06808734533467
11.066038510078942	148.1060709682127
11.058352439183492	147.96305341529927
11.063308458266308	147.97392160803906
11.051402113606464	147.85989981219566
11.046125770389859	147.7496274718829
11.047211451852274	147.6479686226972
11.067316146342518	147.87754755567386
11.072149240386548	147.91846843834176
11.07045748926388	147.9028184739691
11.073898352483601	147.94049426506078
11.068589727790682	147.92962251666927
11.061621186475898	147.81298022071968
11.076442326092474	147.97249068075223
11.080857215831937	148.09117498321996
11.087601085687858	148.20312116997488
11.078648543282108	148.10516298554762
11.064466932645043	147.96713794757818
11.050969687650982	147.74829868920727
11.04626910443261	147.59525224219306
11.058850815131413	147.7329520364859
11.048883105615941	147.68803107586567
11.037918866941693	147.570193654779
11.041241548360821	147.54737769528126
11.055219864966967	147.80707715807978
11.043883331846448	147.72808358341226
11.031690644349974	147.60056913822024
11.01811555451261	147.44702615624945
11.003672039985057	147.25982463055618
10.991503732942181	147.1102903018327
10.979901469310091	146.98272357017999
10.970169584470774	146.83672521345258
10.96073477550592	146.69480310429404
10.953553190050448	146.61181707369605
10.952679713327427	146.54881068662326
10.940233724545132	146.37403123393497
10.93040263871206	146.25560619513456
10.915669933940228	146.04318686207495
10.913650985639913	146.02921162142013
10.90273371903164	145.86089705233408
10.89155012909195	145.68215252875686
10.879172679795003	145.56455395122822
10.867118992225635	145.36035088871432
10.862356896660737	145.26785231323103
10.849965367735521	145.05273610600602
10.84271394899985	144.9480636461381
10.829720057235408	144.81482722452895
10.819014638529048	144.71881833190474
10.806042889910819	144.61961170185876
10.799083198651307	144.45705738356372
10.787550475039486	144.33580806295694
10.782725898925204	144.2566208327542
10.767531181003626	144.09289508356915
10.766076789945442	143.97787653220954
10.773960667078391	144.08913752018847
10.76646209252681	143.95437427273998
10.771157541541703	143.92257554776398
10.77156448875604	143.88064434773725
10.770424259472884	143.87153165018742
10.761541288652797	143.7456810631976
10.7470917152081	143.55875450966408
10.746512134420813	143.54386292518947
10.739870635457775	143.46779080696768
10.727921851898156	143.26167851410236
10.721257522521979	143.14605657310827
10.722342428780609	143.19278737380267
10.713459269514539	143.01510303912906
10.701787160042432	142.85245970835345
10.697962114934171	142.85932818484065
10.686209428257653	142.6890276481947
10.677887523909455	142.56461880362565
10.67241008680427	142.45259613392966
10.678010264819836	142.54625353623277
10.666092740136582	142.34211656878347
10.658463942761925	142.26551845266752
10.643619869040018	142.13692142514276
10.630769277635688	141.97119950676023
10.623169118346949	141.8818776387585
10.616750292153558	141.7578793513284
10.615899904607005	141.75240729198327
10.607163080194047	141.629067717593
10.599239054563546	141.4791388266451
10.590271620945943	141.3404528548086
10.585551249465247	141.2771830207249
10.571811183646382	141.087345884172
10.563790040796194	140.9738705976832
10.553625711597798	140.78876915810352
10.544925562523172	140.6541659973445
10.548753595760873	140.69899736695578
10.563750959473907	140.8989360352364
10.571244477209776	141.0660300918003
10.568158733882742	140.9697298244209
10.568788278921401	140.9597538931923
10.58486314916308	141.19231499323092
10.58769380993184	141.21173875027833
10.60404430019793	141.40545623706626
10.598954423610696	141.3617615010899
10.59834435994655	141.2991812800701
10.589079272080802	141.20579218779008
10.590469209989669	141.17019733495357
10.626457566790004	141.68008091741885
10.66440127018937	142.17995756769005
10.704509796732204	142.71471562129048
10.769032419568704	143.5325238240813
10.833311663350196	144.45024660386272
10.889085096871362	145.2000235162888
10.954692432033077	146.01962783207279
11.01280268234602	146.78813198914082
11.045616695594045	147.20712286564512
11.065432843473888	147.50829666507695
11.067958620702147	147.49898599444685
11.07924509127512	147.6188350834063
11.087629030245228	147.73686931702423
11.10402696867877	147.86365256671417
11.162559477026814	148.54521161027336
11.237989772004385	149.50023071977643
11.310073294452643	150.4536096185224
11.369208583253139	151.17883858586399
11.441156231485126	152.08023393728223
11.536478218589249	153.27924157110456
11.63810544617453	154.68097557916695
11.712149460836496	155.69769820497754
11.773712035517038	156.51694591538345
11.83758609142984	157.30309510262933
11.892578197778372	158.0732287592195
11.949840163056734	158.76464545119845
12.017392283252544	159.68893533893868
12.086604432826574	160.5579044701406
12.169383062571233	161.64562820929396
12.223521475381895	162.44403790484347
12.245000284722904	162.7500037850334
12.268177704872713	162.99381546507428
12.290998975759845	163.31761138609755
12.33067027262878	163.81965762515887
12.372840974277878	164.44634931882538
12.381927803778847	164.58112707332296
12.38337310804341	164.64692541237895
12.379133174022218	164.52627453366995
12.396971856770866	164.69927087948454
12.42192728662087	165.08390340373563
12.456545696098342	165.49935638767192
12.497730631790123	166.04106810932458
12.524964435199061	166.3713390363346
12.52324829485808	166.40822948487605
12.524221167983614	166.37666606903076
12.522208095534651	166.29265943079128
12.5261813136759	166.34659640974886
12.545932078554044	166.59064959135645
12.555484783580933	166.72515840541485
12.542686098570638	166.5563888193353
12.540629815231933	166.5624311563935
12.52868075663838	166.44978021794537
12.51941248480655	166.32768435237296
12.51471046393158	166.22790792649135
12.521937705739877	166.2867216623465
12.528066203271427	166.34378648871342
12.544003823947367	166.51841530160317
12.550944505555188	166.63723962998554
12.555401322632552	166.6722353800507
12.557298606021503	166.70501342890762
12.540841806340103	166.53834189559834
12.538140961305807	166.44054375108146
12.553450696482518	166.5694323698253
12.57048143690951	166.79049297084296
12.588674276262982	167.04585487597691
12.59871057002877	167.18039226399264
12.609096675497376	167.31328671725052
12.60878591063212	167.33561567013487
12.607583085335618	167.32723115802088
12.607388071963623	167.36346538035588
12.597871878087346	167.26957548383982
12.58552808384877	167.10685526785522
12.569420056556776	166.97488130561084
12.558307846909349	166.79731414608892
12.542275113681173	166.62251773671244
12.535408553321485	166.53230853618885
12.52779730436014	166.40144693625018
12.519000559324091	166.3224785535121
12.50387590603247	166.18988064287916
12.49993543594562	166.12004413227183
12.513151669060665	166.23552448682833
12.523495616981364	166.38004295049294
12.516320498318137	166.28570584863772
12.515013129148972	166.26324578053533
12.506591069787579	166.20084899736565
12.492785088054058	166.0485316667249
12.48118080923733	165.9192879433222
12.467870210194441	165.7311141473445
12.457794086875168	165.56198340587605
12.449255446394538	165.43741314129534
12.441496582239925	165.37703082588203
12.43149632312914	165.26281919166894
12.41542228077059	165.0796635055377
12.405634928471217	164.92060533645952
12.40621945630595	164.91731992990924
12.394946699232893	164.80963302167322
12.387457401581539	164.675412662011
12.375688740332173	164.47860705279248
12.368113164320585	164.40223199414254
12.355733652802096	164.2443383518331
12.345916333438641	164.12630789676257
12.346751803750752	164.1440194350533
12.34925366199824	164.15476669578447
12.36878144816595	164.40932554540038
12.39236625436604	164.72363030518773
12.40083771058932	164.8486734647645
12.399805314830777	164.85896307424437
12.388590518636587	164.72798705681376
12.389055407446087	164.7059616989965
12.392196467067837	164.79470104576725
12.384384969571542	164.7088073484077
12.371915426931771	164.54362032071884
12.363282351429673	164.42945425007804
12.351673390217313	164.23563767768826
12.34359246416359	164.06040616960084
12.333130366094569	163.922166041163
12.320579011005972	163.76750772539282
12.325503640720443	163.83942806872594
12.315735202085152	163.6877270873977
12.30418898301496	163.58587637669478
12.291703156622145	163.3980800024228
12.279705171416872	163.26181324162502
12.268983137007613	163.14800790394762
12.268645706381635	163.17218803149467
12.263405295874982	163.097534546141
12.254861430777247	163.00684653744483
12.244902319880554	162.89723492098767
12.229639190785802	162.7502656254371
12.223281795678025	162.67168209222146
12.214382793157656	162.5813728716715
12.205961958130002	162.47522916396593
12.195176315170126	162.32106055050764
12.193801214513067	162.28669705433398
12.191533912935512	162.27343505955352
12.184562183764385	162.07708496217967
12.188464184037391	162.16235289721828
12.17770976853661	162.0416100451466
12.166863418764649	161.87602183309681
12.154329993736038	161.75863340701034
12.147245954256531	161.64855578411556
12.14429370237042	161.60433648282918
12.142450084425986	161.56409437060316
12.131845307898049	161.44502811125264
12.120733306493314	161.3352329798254
12.12835871299724	161.3727361178238
12.139718623228502	161.51902882088197
12.153817801032012	161.7071320011759
12.169564025772564	161.8635765738813
12.18581162792425	162.11776357847026
12.185766169280273	162.03215115461037
12.187810623834574	162.07600625441884
12.177973282467335	161.89258367650058
12.17550695213109	161.8764465768263
12.163393974892355	161.79033208355463
12.150533697010502	161.67278523761897
12.149947514417532	161.65490266133992
12.147901941682829	161.58069969781167
12.14738728444666	161.6113089658705
12.13975818750956	161.536626678554
12.132758925545765	161.48597945402042
12.119616689697493	161.33767279883432
12.116136733787156	161.28125962660155
12.125346888582225	161.36243916620106
12.14223666298573	161.54064937879832
12.149503597901072	161.60655016463494
12.152651379450246	161.60732199707778
12.148872372746183	161.51612281354605
12.141181911235371	161.38864380295576
12.133804785038869	161.29129412866013
12.122685895833131	161.17516359619762
12.11168063151111	161.01920982797
12.101965224594508	160.88044949452913
12.089332656576905	160.75932643849873
12.07633293259313	160.63311459279626
12.06377849636676	160.5075135904282
12.05274619067219	160.35612506031484
12.042836980946149	160.23494907539018
12.03833910626018	160.13499792944964
12.030429963924668	160.09614765626725
12.017735488388622	159.98325498450723
12.009694140912613	159.87152018673768
12.000509840153448	159.72445665747264
11.991688255978653	159.62753350792408
11.97819806954248	159.49845034135117
11.967688398497598	159.35880398815416
11.95753261330066	159.22386853928538
11.949772382955084	159.160686675121
11.93949205358217	159.03394455731112
11.938546585977853	158.9471310649529
11.94268934104103	158.97784140884735
11.935973301963028	158.9135247908359
11.925555239710075	158.79982172975963
11.91597072202631	158.70696801452377
11.907225682384974	158.59565179985321
11.903418015462396	158.54516951778496
11.911323336153261	158.5673524679984
11.926808016928046	158.7444458381491
11.936349861502958	158.84736430817586
11.933358615578733	158.8177491801681
11.934865309933185	158.7845475341613
11.924994733559917	158.6975094460562
11.914172743988166	158.55390723559006
11.904365024844038	158.43834248576516
11.900308010393854	158.34603565769095
11.89294250145822	158.27261552709706
11.882314151765526	158.12676542322376
11.870238601782997	158.00974967034998
11.859183265890161	157.87253876542852
11.851416746742945	157.75512549694102
11.859445645644879	157.8575744807236
11.876474604534645	158.08460794384604
11.88265974477091	158.15774152553288
11.880650013866719	158.11228101875224
11.871456631651737	158.00461884149107
11.867953618597241	157.9583761782179
11.86243137693615	157.91373639522047
11.855637672741556	157.8331154776802
11.847903319703333	157.7210168187716
11.839878428194622	157.6286854074715
11.839562441339789	157.60594423178523
11.830983420218049	157.51560174218358
11.82266512952515	157.44272885118158
11.810976841919684	157.3248300952219
11.800698262073567	157.1881243369127
11.794020921073514	157.1367472298789
11.784379211147279	157.03641408457992
11.786772931875877	157.05911627744982
11.777224060970713	156.96454292809054
11.77048324759604	156.88406990713173
11.763709399797369	156.76144248717696
11.753283360637154	156.67345535427
11.743675135942441	156.55465085711023
11.745749834563595	156.5731299487073
11.763475358962525	156.75878911873033
11.787315402320901	157.0765947576504
11.796537802833079	157.26411820939606
11.789560963017284	157.18494196055656
11.785448988529481	157.12553690494968
11.784690637582786	157.12003226874327
11.7817304624943	157.0393623346101
11.782253825486949	157.05097689023964
11.784135423126509	157.0898210936968
11.774433072674427	156.99700152067814
11.764125734470717	156.9050810398299
11.75588191824285	156.7814315577897
11.745497816787182	156.66103374918012
11.737021418037656	156.5479051333414
11.730483172602733	156.45611090789356
11.733079144726949	156.4545835452441
11.731563078861798	156.45236570767224
11.722188395491605	156.32730398005893
11.716840687690713	156.2110876282087
11.706642467188852	156.06171690119348
11.70537022707175	156.03585598114375
11.697935936718055	155.89222575767445
11.691491689645733	155.82869316472818
11.682432675273402	155.6991454921219
11.675611700804874	155.61718668174618
11.667834054707356	155.54014104507053
11.663174626004194	155.4692330605205
11.654465945626391	155.35760580073745
11.652775900616787	155.31751625380872
11.646906295648352	155.27889677390888
11.638211322062391	155.23759643240393
11.628797683508038	155.13386445169948
11.620836931499813	155.0581842635268
11.612914600611964	154.98290967271842
11.612036105786693	154.91430098844722
11.617637523341473	154.96713795825428
11.633831157027373	155.18306149605198
11.643761576098681	155.33721457697575
11.659701702675127	155.4148426495376
11.68397969980048	155.77768725124298
11.693990325582465	155.9503470660421
11.703815832564015	156.05087776691963
11.70693996429541	156.13601267070823
11.69911295867529	156.02722840815085
11.691486121675265	155.9471277267574
11.685393866426379	155.87011635245926
11.67650543816814	155.78170169736404
11.666914860925566	155.65794140367208
11.665527537307486	155.63930868040188
11.66669278158884	155.64183437282614
11.661276287450047	155.54801303467377
11.651593757408115	155.43590746357862
11.641830575261798	155.33120855518035
11.635484970822173	155.26774996009644
11.629793649732074	155.15756324063517
11.62691767573562	155.12758468311424
11.62045499480155	154.98605692554693
11.614031749501969	154.9257462090409
11.616233929936584	154.900034165881
11.619152111879707	154.9685081466431
11.616405278334339	154.94025728754312
11.609844645900454	154.84425764264975
11.605549089931214	154.75326685991348
11.605233352705461	154.74904128657118
11.602323966582627	154.7311989464109
11.598176847823925	154.63398693292348
11.596625926086274	154.59242389190325
11.59115995746339	154.56131958760616
11.583699845394685	154.45766232097165
11.578314172988948	154.36089082922507
11.570938978841657	154.29579071956772
11.563617885557875	154.19814556938155
11.57797475145198	154.33985876599465
11.597422885587175	154.60329500602407
11.60590681585221	154.68744230454158
11.606584675058913	154.64693939118462
11.600007429253095	154.5759358458254
11.592387010522469	154.46214417066298
11.592905729763496	154.44450433047123
11.595315398802468	154.46033009283406
11.598550660531956	154.4953929235473
11.617911287851884	154.67141320071983
11.64897253757935	155.08521703845895
11.674812554011737	155.4295101999089
11.696906158988266	155.71570047066032
11.715719998800571	155.9787950551729
11.734216110313493	156.25414425597967
11.75984154112366	156.6038610790209
11.786509543501406	157.00051116140625
11.79686220217329	157.17162812044964
11.800860493710955	157.2250396754348
11.799707176622803	157.20569372518392
11.79714489303573	157.15524222572768
11.790960192147073	157.07712542172087
11.783700383497534	156.97237026473164
11.775980531962729	156.86151673845293
11.766618196514827	156.78192206765902
11.760185750905139	156.69225937995168
11.756397963051818	156.65006673398958
11.74769855933073	156.53020339533433
11.747923704999339	156.52520532534803
11.73961409118699	156.43894486970171
11.729992825788301	156.3432142377986
11.720956148856368	156.2228348064208
11.712859677992656	156.14725349685273
11.706930639237937	156.04407895948415
11.699949159563088	155.92294842233156
11.695893090237133	155.8409058469828
11.694827670593474	155.85487196170203
11.686949865985113	155.74197556729715
11.691903188941984	155.7841089563981
11.705167536220396	155.909055238557
11.719039042078903	156.0820278010856
11.73927799138315	156.33580774144343
11.757908325594032	156.572146579976
11.76920126651883	156.7267501237329
11.762515963359848	156.65788494051262
11.757236598675366	156.58379177100295
11.747709292596333	156.5207132550619
11.739386973991335	156.40599318132715
11.732190665869352	156.28648149710986
11.723680494488491	156.17723230820667
11.719673061888493	156.0924270974578
11.719690466029638	156.08891011813714
11.721231310551165	156.0860058499946
11.728195247556034	156.16322849041816
11.729807997404539	156.1849434432872
11.721676450003494	156.1043734150375
11.719654627978342	156.10901365345057
11.712720158954735	156.00116395074815
11.707543761179863	155.9167839122636
11.69865887216685	155.82206056015139
11.687768183437486	155.73557965565735
11.679771428497174	155.62136437257874
11.678728186745161	155.57653174894938
11.679482233871118	155.6410300418399
11.671012085051185	155.5398707109018
11.671327248404248	155.4938742237379
11.674987003825866	155.51187059370733
11.668756983575664	155.4483378847785
11.658337502355916	155.36358149847578
11.648852666468349	155.2372729426087
11.645307672433999	155.19012079533502
11.636872717418376	155.09312966346363
11.631428891259617	155.0053454070768
11.625382223474135	154.90957924521024
11.62600933858084	154.92567045048216
11.617977143248927	154.82634829236315
11.609736495937085	154.7432318120915
11.60393690134728	154.66978588532183
11.600007614584253	154.58335309015533
11.594448156847674	154.53584832040346
11.589033302673654	154.4486250460604
11.592955668424496	154.47078133295744
11.587779420424624	154.4207645102682
11.57989971523623	154.35348073029235
11.572252908130631	154.2628758627563
11.566231161859719	154.17888868294546
11.563140727011275	154.1564695429915
11.56535447492744	154.1822589712068
11.574465262858713	154.27006447016
11.574293254044944	154.26783305078513
11.570598444071969	154.2223798026998
11.56180164076841	154.15735520953322
11.555746647072217	154.072900392477
11.546430789334282	153.9747014684237
11.542936356114884	153.90581808051135
11.534911007632704	153.7914080457832
11.527197542444908	153.71445141327217
11.52030346934654	153.60404625717942
11.512317466285033	153.52335607681914
11.505112540597858	153.46404132205373
11.496568771908835	153.3610323949356
11.491712362951311	153.2594920704989
11.500294725831607	153.3262718798049
11.52060650282192	153.5897563830082
11.53738183961199	153.7840899263176
11.557580562245723	154.04970591473418
11.574667574903172	154.28852094260688
11.57061243870844	154.2638333115414
11.566775494536364	154.1834069378979
11.56443976668667	154.13769646269725
11.571887704395694	154.20415778742
11.577129592683288	154.28870047250632
11.570245191593417	154.21160525592313
11.565353674343834	154.16830797993634
11.556848536169971	154.08040932698145
11.563177180891692	154.13574067985607
11.568553348808322	154.22922482552832
11.566685191917735	154.19708698793445
11.56568100314912	154.18010562600355
11.57122931855654	154.24686214086807
11.57103248351157	154.24066172743252
11.57349425716058	154.28074237881358
11.565291311881445	154.2002771330762
11.557579407375702	154.09385727484556
11.554598581813144	154.04333550890235
11.547622192092796	153.97906742667058
11.541828031993681	153.87311902799746
11.533634960260896	153.8211719624191
11.529383229798349	153.7644265288019
11.528012126380942	153.728246427584
11.521765686262349	153.64136217203816
11.52512742550379	153.67192660241253
11.52521064181535	153.63035638247783
11.525895168587835	153.66438886848013
11.521850018524052	153.5891877750987
11.51749291804759	153.51343501749886
11.511792632494839	153.43397683189238
11.503733632062744	153.35839410859327
11.498819070199493	153.25765247201548
11.491831008075051	153.18217085617619
11.491113446867306	153.15156018900845
11.485319472059206	153.07440435151008
11.479217866382585	152.99314825978374
11.471146749285996	152.93112348045855
11.46544440467486	152.8690971117588
11.458260820252411	152.77332176546005
11.451346478114175	152.7159782241745
11.445294272677815	152.6108802558649
11.442566911334122	152.54671910088857
11.44683777755594	152.58285706516588
11.459463208890584	152.7511928337901
11.478265670841482	152.984508418154
11.487011765407916	153.14626605316533
11.487022448714194	153.1256123486738
11.485801441766778	153.12669327808513
11.483380518611204	153.07021560335298
11.485635071049458	153.05884222357486
11.479082592246815	152.99575598639612
11.483559892383877	153.01412266633938
11.483426340063001	153.0193303295637
11.47797458267738	152.9227161536502
11.475128196367868	152.8643185913449
11.470796322055945	152.80675073393954
11.466482381770959	152.76311138275557
11.462995774596479	152.7270406051802
11.454945002652149	152.6335427941622
11.451388652406619	152.61353248443947
11.450635031442822	152.600154333504
11.446313417169868	152.51882757686894
11.438943929493552	152.43091618619331
11.434058057232626	152.35572586300646
11.426891987017264	152.28403532707264
11.427495995395356	152.26172186103128
11.433188675851259	152.32753873411397
11.440630194917215	152.4166657003618
11.441940050292647	152.4612417444052
11.434394022892494	152.38775600695732
11.42823988172965	152.31927519914174
11.42734486736786	152.2838645698314
11.424092139350961	152.25738894596
11.416589947064482	152.21448789434004
11.409591683598633	152.10109010905194
11.403841816510873	152.02112102519035
11.399709823776222	151.95938950861668
11.39222587743582	151.8863393421599
11.386772525349869	151.78700633370696
11.382463374247282	151.72627660426974
11.381569448531796	151.7044384774976
11.380534034436101	151.65089617403623
11.378101421298142	151.66825015090157
11.372138773153205	151.5524264727585
11.369656753651647	151.5359392029551
11.371228225650848	151.54044104198715
11.373432280842378	151.5665908571495
11.372020331864483	151.5774995623691
11.3649205812297	151.49936480878915
11.357770576637234	151.4336546981933
11.350939596930255	151.35570556291097
11.351029366147749	151.3470582122175
11.350201743000909	151.34912280397032
11.346395416730125	151.30816796531477
11.34223488995762	151.23633071116421
11.336879562604384	151.17796412807414
11.332148913038905	151.10834682285588
11.325578548722177	151.04349086196777
11.324992598662046	151.04214177371344
11.325048436040394	151.04609273328592
11.32871304027704	151.1014153626718
11.334395456540248	151.1771568027487
11.327972828179147	151.12383827991076
11.322896956773526	151.052805494897
11.333785119186338	151.17856990646231
11.354018217061824	151.4225003159475
11.376991038927688	151.7353220608685
11.387320505274493	151.8471319130874
11.400545363603992	152.023466618341
11.396216866087133	151.9980888911714
11.390438539525162	151.92743712006336
11.38655366193021	151.878795334507
11.383240738198642	151.8442228647505
11.376232952534973	151.7764375974421
11.370573888710771	151.72014427395325
11.372297981453798	151.72054822261842
11.38655121627473	151.9009772968716
11.399136393714356	152.06236429934214
11.419877179327607	152.33253951834197
11.43495951738	152.53687982296887
11.447406230595208	152.73181316537185
11.442751427820754	152.68247456076122
11.435424680333215	152.5910270180772
11.430354885125352	152.5457108214962
11.425909779452947	152.49266049962515
11.428239579482787	152.52041490763136
11.422679968283537	152.43649388265254
11.41818842916235	152.38919376116496
11.428158511567398	152.46150222875508
11.441092165024173	152.64672695415746
11.440103491491938	152.62388314405763
11.433088981802	152.55885741865504
11.426290736960784	152.4871035122766
11.420328157934552	152.39470822133768
11.425465528752744	152.43460405672087
11.431856215716206	152.51343855991223
11.434643056135247	152.5537023576783
11.429809624680926	152.53026163926774
11.427358335597942	152.478461654177
11.421727529932348	152.3842902730069
11.422721699517304	152.337596064771
11.42893914870525	152.42992840330203
11.422401730505879	152.33640843978094
11.416758440458599	152.27053014061258
11.41002809236446	152.1869913650004
11.403693816226443	152.11497957534334
11.403537774329317	152.10970900383094
11.40075915198338	152.0975882896811
11.393843686728964	152.00836914399125
11.389557507834146	151.95110260284886
11.38495772664469	151.88965242926687
11.37973650818195	151.8447834175267
11.372070340107664	151.77343610777757
11.372742990627167	151.7512545056095
11.37116820846928	151.69605968512494
11.371740598766722	151.697433025519
11.36968592429824	151.66686513605046
11.366501441532074	151.61505994311372
11.35995570755664	151.5307735930854
11.365499163197534	151.51844447515734
11.380212062586535	151.70845152640746
11.395515695238155	151.90940849544697
11.40235335619796	152.03445788324677
11.396255392316816	151.94699666795924
11.396115205267973	151.94205807576074
11.39133529335327	151.8875390111385
11.385785995558225	151.8319316194297
11.384185232018853	151.7983196261699
11.386727503996891	151.79856700919117
11.382982750821837	151.74866716390721
11.385639321214514	151.77494912859288
11.384411663789116	151.76776045608014
11.384252845131867	151.7443455673714
11.391024226150773	151.82246848251523
11.385518570387852	151.76129921124533
11.386034386705987	151.77125333111545
11.38749712697376	151.7907893525195
11.389917550784753	151.8079264422541
11.392993652465847	151.84897734725627
11.389367628073295	151.79767342963936
11.388058045134988	151.76817928824036
11.380959576091024	151.71289705646825
11.37847029877221	151.65561200652388
11.387357887736012	151.74698380917349
11.392984768245006	151.82505603766205
11.39266631844995	151.8479861533317
11.386265366834774	151.7717416887665
11.380978369021175	151.6922990003353
11.384868641160713	151.74419896550233
11.389569989305134	151.78890998097202
11.406261522128807	151.98141549051923
11.437629167727808	152.36941013542284
11.459526020826306	152.6732636228217
11.472678429092998	152.83656327674336
11.482653497182818	152.96655809040502
11.489320418814248	153.05549157792194
11.486927112713214	153.00871014974572
11.481667131835968	152.9177856704877
11.47941322618697	152.87294279893592
11.474294796601722	152.79896229507173
11.468727822761027	152.71603862168266
11.466127392915844	152.66369290521672
11.472635930558662	152.73861737826553
11.483592582486425	152.89363183827197
11.497093273153626	153.07357522516003
11.506176020480412	153.19171577368223
11.506378434664216	153.16481968187856
11.501949524136224	153.12096005060474
11.497146771874904	153.0780316846308
11.497621621068285	153.0756358244262
11.499503001572881	153.09494723049872
11.496143481124133	153.04153370639827
11.489901108265332	152.9734372047486
11.48382540139618	152.9075203708064
11.477340374155474	152.844970903852
11.47242294592922	152.77080115201537
11.465937014218706	152.70815771179159
11.459279275309905	152.62845813476667
11.452000167001476	152.55514355972184
11.444818494352415	152.4859976388991
11.43795750062497	152.394681094562
11.434082651280967	152.33437173248072
11.43902525536129	152.37400618070697
11.437742677599152	152.36873249912912
11.436249677888936	152.354796563568
11.431374381675331	152.28995807108257
11.427327386518117	152.20704520680727
11.421183515418111	152.11662839846204
11.415047924389722	152.06407623761461
11.411060447298448	151.9878824491729
11.405427449698848	151.89562525569505
11.3994360559379	151.80442494651712
11.395480636365393	151.74325431041828
11.389103275525857	151.69885534842672
11.386662151425456	151.64055655831365
11.379520037187522	151.56572431818302
11.376369270051784	151.52964130002343
11.371608711402349	151.46636446691866
11.367483506108988	151.4344777009418
11.364528631995919	151.40954338274744
11.358664929139097	151.3286613916205
11.356847690250497	151.30455288833545
11.359634629241045	151.30753079067588
11.36296323875218	151.3348863197357
11.368180948176645	151.39312115421868
11.365789405390963	151.37566355417127
11.36738964620676	151.3800470430675
11.366336984651456	151.3775551512943
11.362095389153046	151.30985566738622
11.356063988207213	151.22685594150758
11.3510732509923	151.1690470010339
11.359157878924789	151.27403425653657
11.363833323967782	151.3619243155958
11.35976445522261	151.31634219428102
11.36580691585003	151.36303932503128
11.362693028309073	151.29350332016557
11.362221398797805	151.30431417198602
11.35876021555535	151.25275192693988
11.35560348287047	151.20806929216968
11.352252745140333	151.2057759723955
11.352779990274547	151.1932696766855
11.355967596036297	151.2527116721383
11.360493353286014	151.31031890257069
11.358831831707322	151.3079505659268
11.354764599873235	151.25389129006632
11.350439212380259	151.2131785139101
11.353052845000535	151.20617096311074
11.363911352936642	151.33975085098476
11.368737235268787	151.39578864725837
11.370703113633393	151.43049791950838
11.366693290215764	151.39118798702646
11.362710681494834	151.34106628253383
11.357243261424546	151.28785582535647
11.354077806448256	151.25136639134172
11.347217264224565	151.18507490758014
11.340546629289062	151.14066991117306
11.33413918319996	151.06641347157915
11.332498306981254	151.0307480753959
11.333991747157533	151.05624072432275
11.330984370157726	151.0162116465969
11.324937495922361	150.95223130344917
11.323460657744093	150.9022593666501
11.31963178463199	150.8485441662845
11.31620845979706	150.76999767200746
11.31293937686046	150.7265349045956
11.30787061659039	150.6700637319237
11.30234144185788	150.6293494670938
11.301405666106337	150.5813519355212
11.308285286157608	150.67310193597447
11.309417950764532	150.69921513547155
11.302866084670756	150.63110262876597
11.297613206991333	150.55024863662038
11.294633441718926	150.50516108661466
11.293139954026742	150.48805465586474
11.295915646906133	150.49247859863928
11.29005097706031	150.44431722782986
11.285244349215267	150.35321397395003
11.282339773609522	150.3281581999268
11.284187737698392	150.33391118879987
11.292382376636521	150.43235595565304
11.307853743691444	150.62502694727823
11.317523577179156	150.73229202991766
11.332568880436614	150.9301001837361
11.345912990634691	151.0971219216191
11.367900126052788	151.37380801192188
11.38925405348262	151.65288618854976
11.404795956318946	151.84642054667364
11.416067364107262	151.9993817961685
11.414037693178813	151.98067007537986
11.411677288068681	151.9548279842606
11.415933391496939	152.0225018888991
11.412155653617697	151.9669332522958
11.40670713954699	151.89723920219583
11.40275933502369	151.83132139701524
11.396424257942632	151.77949384060102
11.39295687337793	151.73075832470923
11.38741292873688	151.67321120659938
11.382263405363817	151.6262572067425
11.377498933552026	151.57364081180498
11.371491781787633	151.50444312583093
11.36559762583953	151.44208331455056
11.360940916545442	151.38546679711513
11.357239316188336	151.32552279452875
11.356689888027095	151.28890800354887
11.354629158839321	151.2802368089246
11.350145570999807	151.2205919967906
11.347303773961793	151.180158752112
11.341132991790564	151.111332266399
11.337684392675227	151.07077705637113
11.339388357350835	151.05375061867352
11.337573890661664	151.03499048759457
11.334487056778553	150.9727917577087
11.331949231750182	150.9364650459101
11.328807352908505	150.89473965118788
11.332384306876532	150.9240246158385
11.339944600325968	150.99581990157097
11.339980216066984	151.01227452320072
11.335116971248905	150.96873239685937
11.330185587684838	150.89002758294367
11.326394107044427	150.8370469085896
11.32143100804921	150.78684357465437
11.315541765897512	150.72951328518184
11.312140167436656	150.68169531806703
11.307563989407363	150.64964064265942
11.301551403899719	150.58269897502
11.295654730161656	150.5094353183998
11.290919192429293	150.47771828844856
11.285331899330581	150.4007016488998
11.280521997508341	150.35487548779247
11.276041475497049	150.2899960701055
11.275684780310492	150.27489526093245
11.286946565151876	150.4120476294263
11.300697339794429	150.61355021496217
11.306633392587567	150.68231851284756
11.316926678299115	150.79876454756666
11.332497203579475	151.04011908568253
11.349613880700257	151.24747810085506
11.371644750891333	151.50987420720438
11.399631585401725	151.87501818740168
11.426385446651464	152.2315474794351
11.446638767647833	152.48839835713798
11.468881294859884	152.80313369551496
11.489095205384986	153.06991763298612
11.505573892696157	153.30529089870907
11.514995411041161	153.441398931051
11.525521173469398	153.59222489627288
11.529013941566228	153.66244272197568
11.524044195277735	153.61983730271314
11.519152759511222	153.53895092371454
11.513932983080185	153.4929488167931
11.509745867183039	153.44498764038866
11.506172763123786	153.39475615495337
11.50846834200603	153.4227674739889
11.507912153852567	153.42840205252446
11.503664052148705	153.3795835163882
11.499854678871822	153.34440203003427
11.494870286727531	153.3013168240921
11.502753735255276	153.38044143335324
11.511123237707075	153.50242711609974
11.518586637124857	153.5993387477698
11.520490503413905	153.6247128054153
11.519241198706776	153.62101152867436
11.517789236866758	153.61199438068726
11.514833595787731	153.5854949085789
11.508433562517613	153.51561356272384
11.502046362844762	153.44069665083373
11.497207347400531	153.39931897395448
11.49239625119707	153.32731244086563
11.493281241566397	153.32100915289377
11.491138822462723	153.2820747668345
11.486326713367397	153.25126266613935
11.480316492543267	153.17870466175106
11.476001135371542	153.12617693840633
11.470909538726499	153.05302790713296
11.465767062263213	152.98177256481083
11.460583934203328	152.9176514389056
11.45469346794173	152.8364192873482
11.449852707803132	152.79981104706985
11.450963099487709	152.83492902795587
11.449618803054353	152.8041299571947
11.444046857972035	152.76020353148385
11.43802927733913	152.6822911991279
11.432225156127164	152.60468284644512
11.426547899681776	152.55920860073428
11.422313576530414	152.51519432734202
11.416474863677477	152.45732635421
11.420417672310732	152.47437250872701
11.430230512856133	152.59764244946473
11.444888619316393	152.76028638814037
11.455123126934508	152.90942526469058
11.457697533390999	152.9208948905539
11.460804260243764	152.9420258547783
11.460039381425972	152.91404702292235
11.456824453754422	152.8786315960136
11.45125003101352	152.8167541913729
11.44681931355573	152.7424286128351
11.442343507822567	152.69518541304942
11.444037824907506	152.6900686467544
11.45485900090134	152.8268367713355
11.46808819673942	152.98065468756874
11.482598669158014	153.19176091049064
11.499832535030139	153.3964611372682
11.522198154470788	153.679641862048
11.543653166497037	153.95568468496796
11.567178432609682	154.26183791864196
11.588320479649859	154.55134530988946
11.606354634140285	154.78172218037804
11.624174465376495	154.98899287222105
11.637957634043913	155.16517905942686
11.651621202789245	155.33723414379432
11.663347016055845	155.50876186280055
11.67274113477906	155.63148480768567
11.679687055521292	155.7139728377671
11.677465355522806	155.71471494636322
11.676171367773764	155.71261606824467
11.679555710954084	155.7324616273533
11.680309087226915	155.75765161460018
11.676950729189175	155.72042055233052
11.672882557811453	155.6585889751725
11.668675270298161	155.61505561289397
11.663659245817996	155.55065190968023
11.66013325055081	155.51616309324285
11.655228756354852	155.43315091230943
11.651498880100032	155.39090691249652
11.64802676630199	155.32454464938482
11.644224804878299	155.2613310960876
11.645670475607698	155.2706092979211
11.64046379299315	155.2036882683804
11.63655489820643	155.1440938077014
11.637510156350865	155.1468731345905
11.634801846816206	155.12073568751634
11.630771766789067	155.05706821661684
11.624880612610161	155.01082592178588
11.621296175149777	154.96053949403475
11.617547327748312	154.93285449228907
11.62230940674587	154.9542162808272
11.63186837680956	155.094056096089
11.63567540930017	155.14481555971182
11.640150999347348	155.172308168649
11.63703201217737	155.14311450954787
11.632526611994772	155.0954135150576
11.627192670119726	155.0588552489309
11.623763948610595	155.01557534714973
11.61968703739605	154.96364612932334
11.61342294123646	154.8899251132129
11.608439339012962	154.8013056588694
11.611341796994722	154.80561323627228
11.62312460333882	154.95534591127068
11.630794153518234	155.0576076271653
11.636510898434427	155.12892515916278
11.64240982073845	155.19776528471155
11.6492378208015	155.27163460172133
11.657065973396836	155.39318629197683
11.664087706000988	155.4892666271817
11.665788307473719	155.5021512261711
11.671606531814833	155.56257878563244
11.675127208793446	155.6291460516929
11.670662867302404	155.56966425055217
11.665612078173304	155.51948170902318
11.662734062149848	155.45914370088255
11.657453643438492	155.39122877646233
11.650978499436754	155.34394207699066
11.65350289756881	155.33862474489436
11.66497889393755	155.49893524258857
11.670371353948815	155.5805867175941
11.667319212918084	155.54478264630956
11.665872185516138	155.51577818409922
11.663686816549568	155.49638413436682
11.661716973657763	155.44829126405796
11.662233304509066	155.4600535969995
11.658249837224433	155.3997101906636
11.656145354743607	155.36684788069374
11.653662147383686	155.33620092968798
11.65959964397774	155.3936189474782
11.661134833818439	155.4068796081467
11.656731512577219	155.36031498949885
11.6539100601946	155.29623754746214
11.655964210940475	155.31885497646468
11.652030921461211	155.28094773978552
11.646852342107271	155.21439477031822
11.643796329587474	155.18573170771728
11.642754497063857	155.1670911330137
11.6414111981046	155.15643188371126
11.64155693321664	155.15362417696065
11.642724167497544	155.16922720798755
11.64433724183808	155.1811972011583
11.640670640361181	155.1515182237899
11.63522130655908	155.1004310061316
11.629911011777699	155.04160372644276
11.624236163681987	154.97312096643853
11.621215759248791	154.91380786139146
11.632353525633421	155.02181067962894
11.638778492146642	155.08606247928554
11.643416799463353	155.15983366128074
11.643628739088351	155.14607077290347
11.639650874477645	155.10263996725783
11.635862433729713	155.04035621669573
11.634676891077351	155.02226057280876
11.630633463592336	154.98740872491018
11.627627520466843	154.94267896093933
11.629191753579493	154.97777982703522
11.628978360280183	154.9537154996247
11.629594865269482	154.9643604436255
11.625320059940684	154.92634383692464
11.621467599364856	154.87741465656163
11.619728974480797	154.84487315496273
11.625569177898319	154.8874390754187
11.63856230067158	155.07711593098784
11.649344560071318	155.19494088439663
11.66387259741587	155.39800229957595
11.673615021683041	155.52788292897662
11.68307134816241	155.613882278435
11.697225419725434	155.77658810922733
11.715625426494407	156.00524409211687
11.72763524650832	156.15350937092728
11.737737032532937	156.2834422165628
11.748571545515139	156.43492865843353
11.762716542398627	156.59272644133588
11.775575569332768	156.77116348928578
11.784955479084871	156.89147738673094
11.796208712233167	157.0154721211647
11.803037021771589	157.08057205084856
11.82047676118775	157.31522955848354
11.838255149473333	157.5591275196399
11.851480712705147	157.7448063554435
11.862494322550754	157.87975237919514
11.879582427813697	158.090799356602
11.889724293536778	158.230705847457
11.899223706503134	158.34785394642194
11.90155794511236	158.39096023295014
11.90889108395214	158.47928362553324
11.915138027353894	158.57918953371697
11.910355881281589	158.513373270834
11.90719796339878	158.4739027127665
11.90543680789582	158.47190387402662
11.900949046823058	158.40998820640596
11.8977021008343	158.38344542498618
11.893745998775007	158.33095034931537
11.891812891959026	158.2842155192182
11.895749429698709	158.35325426297607
11.892295697257858	158.31214924599706
11.89006428425931	158.2685287859358
11.893471100618198	158.32343928987854
11.894144256935265	158.33257095364485
11.890967991011992	158.30920438169622
11.887233562812971	158.25730313634327
11.88994574838794	158.28889031741434
11.889472038627144	158.2850841489363
11.883840541533962	158.22428690179808
11.880179946727914	158.1593648059498
11.877520397375132	158.1147954373734
11.878487447632207	158.13249539955243
11.876474444839607	158.1012056754317
11.87385490096676	158.06184955830958
11.869202023215838	158.0209909699417
11.863242817472644	157.9534137603506
11.860101583727412	157.8862308873461
11.855715621624476	157.84422089873712
11.851842946262808	157.80207135011153
11.846531211092254	157.74767956532187
11.842550075568337	157.69942308733093
11.839187209658089	157.64785076839965
11.838781422089255	157.63566591252828
11.834889153347198	157.61624005228205
11.831827647589263	157.5778895864712
11.833019508983242	157.59388113326847
11.83718319763698	157.6356489400868
11.846831845660507	157.76656762141286
11.85521283002813	157.90361747523184
11.858665033597976	157.9451059922131
11.862096729860992	158.00242390719953
11.856465979661493	157.94820676609606
11.85210004645204	157.89702295443016
11.851306915878538	157.8957200025893
11.847690874136804	157.8613781441181
11.84386591520386	157.80819341934225
11.838815359652532	157.7432593978391
11.83730990018775	157.7301295992809
11.834747331273404	157.67777561806776
11.830688701751502	157.62606043823965
11.827726279714746	157.579827621635
11.834656545151935	157.63577788758613
11.836523833851615	157.6698629170963
11.83509692646259	157.66233263240017
11.830388490495507	157.59060490718826
11.82538210696065	157.53082475821446
11.821102132259574	157.46255736069907
11.819570502232333	157.45812280329463
11.814434885764998	157.40338495638215
11.812624045661584	157.38160177050915
11.813437214499237	157.40156233404252
11.814878328850181	157.44345038492273
11.811672100745906	157.3804464913403
11.813897198955697	157.40564794708678
11.81120168591299	157.3765748205337
11.80855570121483	157.3346246719907
11.805938183007685	157.29081408578728
11.800619387468446	157.2492776802137
11.795513959071712	157.19029643060222
11.794437144734639	157.142310790174
11.799783169901582	157.2248393001547
11.805827890775566	157.30095932263148
11.806314437284227	157.31200004641403
11.802141688568978	157.2744023494451
11.79928780003872	157.23194780430703
11.798647753342253	157.212286778722
11.801762624060311	157.23819843561282
11.801611922758221	157.24073717944313
11.803831786606281	157.2904990181715
11.802920494164889	157.27394910326169
11.810909114475052	157.37376062016656
11.820062677914363	157.47346253340788
11.834495862094395	157.65912872082032
11.845244401246802	157.8046408563738
11.851671411515492	157.88811245667725
11.856786059920031	157.9518676942419
11.858852606299518	157.99958255555595
11.854635061715364	157.945697115052
11.852798785268767	157.93245275429362
11.849720670972287	157.90932850230197
11.845157189685596	157.85524875142562
11.84304960559011	157.80942036819178
11.841482209078958	157.80193042815569
11.837974459116127	157.77966718551403
11.835448876766652	157.73938616889265
11.832843945984902	157.70027639825253
11.834696479236799	157.72944264365364
11.830700550854726	157.69394151016627
11.82836292148437	157.64953907031622
11.83484395540001	157.71384075762475
11.84705295293222	157.86553298666692
11.85737938877355	158.0076210433405
11.870025074670462	158.17619060765347
11.88459726349178	158.34607160463472
11.898693641585783	158.5450374248949
11.899600800676494	158.5859851890448
11.894393326402447	158.53876582080056
11.891866555337389	158.48521665895896
11.887014999233559	158.4404877517684
11.883342753637395	158.38715939463577
11.887435415954593	158.40644545169818
11.898380075637428	158.53469821032388
11.911375442236546	158.69026526573668
11.920501514835314	158.82296252745977
11.924685402471603	158.88539927829413
11.921150109514128	158.84718242569335
11.9178597555502	158.81001111228383
11.91540817652582	158.75759390074606
11.911796674244146	158.70954661065664
11.9127368114249	158.72434144922448
11.912256825913923	158.72460425474551
11.906633504172204	158.6672942137161
11.903802712762335	158.63620322386495
11.900930165574676	158.58044919175393
11.906939516806625	158.6518261177888
11.914995650258678	158.77018509334204
11.91823484976102	158.8374945646665
11.913728510451845	158.77310665276474
11.915091117336111	158.77819490820113
11.921931001396354	158.88251540351288
11.924416105978608	158.93098230761888
11.923205421957057	158.8952262619725
11.931121780453406	158.98112031691164
11.932665380988777	159.02576088791108
11.929286376498522	158.96987154297528
11.927894026042415	158.92522471363392
11.93529761762731	159.02829595059268
11.931981857878824	158.97330062441108
11.93048156541176	158.93381507894514
11.93032597374199	158.92313704931593
11.927258927344033	158.88454276697925
11.9262177061156	158.8512409429881
11.92850734026261	158.88617480922045
11.9346678069155	158.9488228432699
11.945421366853456	159.07914603303217
11.960397673759358	159.27653764920038
11.974978331751288	159.45997816649793
11.985494268606681	159.60881788341433
11.994223126138738	159.7273505802135
12.008946308880805	159.90616288866167
12.021935539593867	160.09446371833135
12.024173804536733	160.1352536627917
12.020098958232508	160.1006373124328
12.014615776181039	160.073263898064
12.009099432158905	160.01935423816408
12.009577033587497	160.0214464777294
12.013194952279726	160.0567219200702
12.014307426865141	160.07161642888778
12.015467378278865	160.09363457657332
12.01240099869155	160.05500864545579
12.007552549061867	160.00343412798685
12.003573265062156	159.95046827867912
12.001235401908788	159.9258441428902
11.99751451544291	159.8612345239908
11.993094223921387	159.78088205718254
11.98855877116952	159.7269827928164
11.98413553011422	159.68315743153155
11.98066569567351	159.62196673902878
11.980221835397952	159.60540547888573
11.98253768104062	159.6213374123669
11.989054675330548	159.71038196601899
11.986944348387997	159.6909202435643
11.982743130972802	159.62433803806195
11.983147898133668	159.64905823102941
11.978668097235788	159.59372288242042
11.979965675988888	159.57693035260468
11.986755404221595	159.67813663131602
11.985994953527424	159.67022680046674
11.982929267900778	159.62734234166408
11.98393548008128	159.62379506967818
11.98515498183598	159.65077906551664
11.985944093718478	159.66138132471795
11.986757826659886	159.66380580811165
11.989081450638253	159.68422565505895
11.992790552425785	159.69762053002336
11.99881525764519	159.77796972738824
11.998491353523859	159.7716578034097
12.0025288749001	159.7958510357656
12.000662712437965	159.78598263314618
11.997772399732838	159.75186719673542
11.993479572683757	159.69060639218168
11.991195564782277	159.6624418714972
11.986094628813127	159.63056458411
11.981063782307462	159.56367337286298
11.975682724518173	159.53218963323613
11.971216425471733	159.466455535439
11.966972617154864	159.38896259688394
11.96613216587254	159.36735353900775
11.964145356542366	159.34730513906098
11.96065772307514	159.2883597173106
11.955858523260495	159.23294647642942
11.950594439478568	159.1755169255184
11.948508632834411	159.14155082632865
11.94589927296135	159.09643751434322
11.940738325749878	159.0403519611305
11.935929389128594	158.99519719120607
11.93221630975874	158.94791203252854
11.930339131381828	158.9209085991143
11.932452370646118	158.9512316154123
11.929536320375	158.91039181153073
11.925547694478766	158.86151031857898
11.926214480756657	158.86423959804836
11.924078952198064	158.85666495427148
11.92133491895729	158.80357233053147
11.917588363539597	158.75582590984854
11.912446695292495	158.68741842934742
11.908543654199114	158.63136971434847
11.90598959247176	158.5850233707019
11.902765216727403	158.54630363850146
11.898363323402656	158.51047836056173
11.897764324623367	158.48812979682745
11.893782944170189	158.4228115451105
11.892961564124402	158.4263875601248
11.888571661308628	158.37005379569092
11.884438201076527	158.3068490292076
11.880359126358659	158.25876661749308
11.875693001562038	158.21106470898332
11.872465361239412	158.1722448063572
11.871730499538232	158.15227871473178
11.870227033262752	158.1200404252348
11.870541976027601	158.0956704885077
11.877659059017521	158.19465451280942
11.8796308640466	158.2148813375383
11.883013834473886	158.24777350722158
11.880059241967178	158.22692538943173
11.875875027716535	158.16721551509104
11.87285634488229	158.1434325080471
11.868053560556378	158.09993603307635
11.868364317123163	158.08175006215967
11.868376279293553	158.07996836657983
11.868527617337282	158.0637725531637
11.87860725344631	158.1737086831656
11.892141639461842	158.35608572629982
11.907840604279341	158.55303451432465
11.924455992999453	158.76624373913765
11.940130467563808	158.97914833911753
11.956420220387322	159.18596624690215
11.97033272096363	159.37949729249846
11.9850602573734	159.55937231162576
12.004762637610524	159.82590341425208
12.022644652993636	160.05797227203388
12.043663339151056	160.32154247633926
12.069011926171948	160.66117726852812
12.089536014617998	160.94275846560703
12.102664928945602	161.134129399754
12.110673490290221	161.22649703475346
12.11580966027826	161.30323941812566
12.111851723187767	161.25479168436055
12.109087397707516	161.2222284538571
12.104839247401108	161.163750267752
12.100113917858856	161.09482556515255
12.095682081539964	161.03800610945967
12.099480431198273	161.06416301229038
12.101922911338605	161.10705037269105
12.10204544483062	161.10882541607907
12.097610752058271	161.06014213343389
12.098244424387033	161.05034834861104
12.101429246066271	161.09697237480347
12.098781267992127	161.07409925780945
12.095168592116995	161.04651408096012
12.093321137027155	161.0464786196083
12.089002409086559	161.00332370507795
12.084828978518658	160.94377893637534
12.084406591280569	160.940292074708
12.083595275943528	160.955996294462
12.079013290031728	160.89505328639834
12.081024908291282	160.88137476813517
12.0881352912451	160.95184672579057
12.096449407360181	161.06064727232362
12.108480621495426	161.23313694263004
12.12525512531912	161.43632358314105
12.138967115285089	161.60480394295345
12.144407833283342	161.67331564818753
12.14904251427284	161.72906872120555
12.154838904645118	161.79623027477965
12.154921080400216	161.8157294747996
12.154352692735529	161.82046774037946
12.153364336894201	161.7709791925517
12.153823965407005	161.78737326374207
12.160021045688628	161.8315607968399
12.172702228875893	161.99442530284318
12.186281907946764	162.16924134977677
12.187831417215396	162.21433386219573
12.18452855191789	162.15839842299482
12.180637689930077	162.114871199458
12.178810203042355	162.09475339730247
12.178753645289582	162.08810633073446
12.18014882751239	162.10684035038526
12.181813851435036	162.12513166080018
12.178180008163753	162.09104438840842
12.174441287503651	162.05553908110966
12.173516238094924	162.03935111307894
12.173597623450156	162.0305299648575
12.172334779031376	162.0138801117233
12.17721918100349	162.0690018577872
12.18238267954962	162.11378051497664
12.187403449750189	162.18077033691512
12.186743690299325	162.1641396964199
12.183444490175916	162.13445797240246
12.180666968841228	162.10568520677347
12.180267648679726	162.09052473834348
12.178653231868124	162.08522777691175
12.177185567536592	162.0598582860759
12.175644065084294	162.0475075245933
12.173177358890875	162.00485335626627
12.171693215067485	161.97329495830297
12.173935704240732	162.00131670812462
12.17354106798179	161.98029219163095
12.172351934623146	161.95867809813868
12.169471153905024	161.9165549326557
12.167191234700603	161.8764662667752
12.17148710084991	161.90598473362923
12.183080002175322	162.05443985651235
12.202683499775553	162.287552232226
12.217675277664918	162.4971172714009
12.225922199096395	162.6169839816399
12.22699362522019	162.6254807218028
12.225623571704306	162.5995222586916
12.221268940385912	162.57164601908224
12.21796908507362	162.5180269117673
12.21308920277442	162.4830998921291
12.208098831783937	162.44665673717063
12.206251314205428	162.42225293038777
12.209427692502175	162.46073565538993
12.205276797719305	162.41558575503154
12.205423964729663	162.4177203739835
12.206915460254177	162.43378718217653
12.205702891844602	162.4376022744188
12.203509972612093	162.39475409903022
12.201203775322552	162.3484469307327
12.19657567548632	162.2791606667885
12.193424828288531	162.20787588079813
12.192202801884257	162.18198125661664
12.198487927929913	162.2618587026399
12.20448358905499	162.34182170410156
12.207742961144538	162.39128893534527
12.204808766555818	162.35246359480223
12.20098102713197	162.29978755425438
12.198589616876037	162.27996009042607
12.195998019899028	162.2437222978214
12.191333379537838	162.18970807772132
12.187567339589917	162.1417603379924
12.183109254661446	162.09438473805153
12.179322092315328	162.04809559515274
12.178186997987353	162.04294885266788
12.173638147136108	161.98650702008538
12.170320207254623	161.934732656388
12.171725194450687	161.94386079807427
12.176794701295416	162.01929514241837
12.173492331570609	161.9774859974149
12.170226316029622	161.92447936133993
12.167543979771779	161.87342155996754
12.16579263957394	161.83088948670277
12.16117167768661	161.76962577138391
12.158699642888687	161.73500777878616
12.154223392119405	161.67373261078066
12.150095141269304	161.63064063227355
12.148400953193027	161.57541938866115
12.148507575728074	161.58285348241674
12.147961992035684	161.568083308936
12.147193728389952	161.56580568381068
12.143400868640724	161.51171315381674
12.140509727607888	161.4754024471508
12.137016099711605	161.4233711672392
12.132389573725034	161.3947705993576
12.129223919342486	161.33939491373548
12.124705698618715	161.3044808585886
12.119979058761027	161.24947130436476
12.116359668240877	161.20534234396837
12.114770910503704	161.17480266663844
12.114630902061586	161.1463075851579
12.11347900756735	161.12736092928526
12.117203054307296	161.15222620855639
12.126507360357106	161.28192912602162
12.13469368050298	161.38145293802197
12.144119182996471	161.53000122339114
12.148863921563109	161.59523493674286
12.15444749863259	161.6677967684277
12.152642861233025	161.66313577714587
12.152696320378473	161.64683310059593
12.150232402739292	161.64102281061864
12.146527497181328	161.5900171460926
12.145993319850259	161.57356102959417
12.142485706446147	161.5290056432379
12.137579229118392	161.47727010063898
12.133090871426063	161.4253624304984
12.129734749044143	161.38279837491268
12.125616279678693	161.3395930406125
12.12405289593411	161.32846868092372
12.121023768494315	161.278841611204
12.117058062261869	161.2338396468659
12.113952533254414	161.19079391238884
12.11107088698902	161.146942195338
12.108312070300983	161.1085181922984
12.106625268282436	161.0692335947486
12.112699518864092	161.15968666945398
12.121065848901624	161.2579448690066
12.129203417323085	161.36639461172203
12.134103745377141	161.42988537588147
12.13110742121923	161.39210088698107
12.132328408903565	161.39531298729221
12.140219685891653	161.48915371360854
12.151847889891295	161.6459214438271
12.162167210177731	161.7833900129944
12.173956811945406	161.91773251734526
12.186703805605076	162.0988301685376
12.193713140387436	162.2130768366841
12.19109791194024	162.18982428300558
12.191109711863534	162.18638954440834
12.19136888015836	162.1824722993676
12.18708803849919	162.14081418202326
12.183720985618676	162.113176794634
12.180134455388623	162.0656314335404
12.17605424652689	162.03034943825264
12.172717885042923	161.99364539601837
12.1686152056511	161.948611942324
12.16444886461765	161.89519887015186
12.15988134961431	161.84583121813668
12.15657696924589	161.79261897195843
12.15601921939198	161.78909974640612
12.154349801776892	161.77452821079552
12.156318510419233	161.78027551614832
12.157898535077504	161.80707783828365
12.156489676771537	161.8034526557449
12.153844670446757	161.7702647663873
12.150037487503274	161.70852610626284
12.153524980239132	161.74575540124908
12.158654882789296	161.7973783854439
12.16652527270343	161.9060108613392
12.164804875591074	161.8795475324911
12.168346051137146	161.9193733696218
12.173791615209224	161.9752177886666
12.178042600413074	162.03195533453052
12.179895851380591	162.07729628839425
12.180485269329065	162.0853058945164
12.18141656046269	162.09972738850618
12.185599642316593	162.15183242590703
12.192382626029	162.21991322954963
12.204896805789417	162.39031887141968
12.216799860941498	162.54700574070728
12.237774779933433	162.82066099271742
12.254830261942525	163.05709871787315
12.264009467611956	163.19248687075017
12.268651093639782	163.28057927378347
12.270439243726463	163.28398568191136
12.272765609530564	163.32631159010822
12.270874419249683	163.29010762121894
12.267543349291563	163.24035300173847
12.265504446362952	163.2040755984378
12.262551499914874	163.15937247759928
12.259111949248961	163.11564236367278
12.25673986370538	163.08797110967825
12.25662550117998	163.07547648081393
12.260241083908166	163.11076205593602
12.268090657679226	163.21537708632354
12.275543593767665	163.2980035104729
12.27738227666767	163.33007958727245
12.27855311520614	163.340277922611
12.289986717592964	163.4740105763029
12.298633160959552	163.58736491096732
12.306167996423806	163.69150150102465
12.319936256618297	163.86926876394665
12.33584406346384	164.0810632255632
12.349343811317404	164.25152963486804
12.36076457538627	164.39991719324956
12.36905487089959	164.5122488178008
12.373643752438124	164.57349022397688
12.374472864966785	164.601462787348
12.370361657529271	164.55440937276225
12.366244357694296	164.5035486223036
12.3634010299821	164.45663982661384
12.365451151140306	164.4785433106121
12.364728144956505	164.47097983333526
12.361862029011219	164.43861170552495
12.358549071803468	164.38918520776758
12.356637714208544	164.36580889262032
12.353046581780438	164.31638908047265
12.35673950908361	164.35462287513374
12.367637404257179	164.4868401972683
12.37769746333328	164.61899809672158
12.38871566409646	164.7675962901843
12.396408326187633	164.8664181393295
12.405628250821538	164.97630250749842
12.414874636534835	165.09393383005863
12.428065506865199	165.26216454219963
12.441147632965269	165.43634864434796
12.456365973739846	165.61300010383738
12.473318440869393	165.83492039609536
12.487510211090694	166.01827663394607
12.493473699627149	166.11264357548885
12.496960483600304	166.14440007004532
12.505087673523441	166.24341736003268
12.512183698040584	166.3138898081291
12.523998234433188	166.44707625509702
12.538508437342326	166.64575874253163
12.54802404845507	166.77992178528478
12.557407039128378	166.88818682198536
12.569468876140734	167.04876129407612
12.573537615781834	167.1216810705721
12.572797721530137	167.10097084976857
12.572210719213945	167.10271414904796
12.567445222202029	167.06374068216263
12.565437349079936	167.02247575084678
12.563189432208183	166.97619090728455
12.564048909368429	166.9934314630597
12.56421456171312	166.99404634136744
