8.805746182573694	65.22774950054588
10.06737605765027	77.94097593019542
11.287838160411651	77.8471597269762
11.003820594229554	76.32707926633262
11.018042903146826	75.63873846553936
10.83027586614037	74.40647541623179
10.717129261466614	72.59990790025782
10.413364169766027	70.40020847165741
10.438458828448901	70.37163255133983
10.196660646419794	68.43396406992645
10.546660302382694	69.53841957614173
10.677626801910517	70.98699258886913
10.673975883888456	70.79677882169842
11.319714415612864	74.75283104649002
11.044426405916024	74.23438211592976
10.83343946041427	73.08574758957187
10.860214106841134	73.26334913344266
11.033163669935798	74.75418295815629
11.535167950553362	77.49022665663864
12.132667524573742	81.4728653021209
12.211952734838276	82.28374569998645
12.119850313606236	81.54027733925226
12.0265907966816	80.88058138119881
12.151514443545677	81.46266666065044
12.216766596646336	81.99172212515168
12.332233738756093	82.67419266206387
12.241297210813897	82.28589826358397
12.155867446374073	82.11442424573085
12.072862117063096	81.64314062843296
11.920888847788062	80.97207519254594
11.852166154060814	80.4563103889054
11.713723159649973	80.03682728304372
11.603512592418367	79.30602324126217
11.846341571178442	80.90571411184725
11.981831646577946	81.8271429522493
11.953499032971672	81.68161313262158
11.903540977399281	81.46073048650925
11.885153866784153	81.5227160537492
11.76935614642944	80.95324333522825
11.698020416238196	80.76884061844228
11.726486186596098	80.6913455077589
11.685853004222475	80.45997150447118
11.69736940691248	80.26386454742243
11.705730750556917	80.33046316990907
11.670144407847877	80.11540783417571
11.756328080986002	80.67495152538746
11.697195540988062	80.49314647529724
11.672130549462686	80.40118627706923
11.572689940331728	80.11233441150445
11.622398430045484	80.24670952849168
11.883113342987638	81.86025850864304
11.82001462002395	81.53536505519803
11.838790279692038	81.7532097489742
11.793426362161034	81.40328379502995
11.73901528957544	80.94181039611192
11.72836811642107	80.73615421254026
11.672859773444031	80.5024811961155
11.620868404917871	80.19159636940071
11.578274386141219	79.81906782262165
11.67513712267224	80.34886951174262
11.683951918108924	80.50313256823189
11.654723222278077	80.1396864821284
11.6077297883732	79.8784245403357
11.59377204323801	79.8137049946003
11.562369581542601	79.5716276124359
11.51154646486815	79.43147586831587
11.465730564509958	79.12830363825155
11.612564756993732	80.01902416566652
11.857291839289626	81.51642015044602
12.05779694110183	82.73606788525636
12.279625167728874	84.46827581860745
12.22329733416298	84.21793378552086
12.308810459996135	84.54224527949111
12.45694990311635	85.48509670755318
12.52452384198752	85.8889931254191
12.662348895453736	86.65812841545761
12.772361064656423	87.62742518364746
12.705046067001568	87.248152008082
12.710497862337622	87.32825027888954
12.692318558821821	87.26991703518908
12.656148753318263	86.97523040305907
12.592882665341055	86.58046773810703
12.540846151911843	86.35704346852525
12.514734540567055	86.14348823322572
12.485449850056781	86.10655068994133
12.450474806323273	85.7621812849477
12.419565256121555	85.40393971398075
12.42471873010795	85.37547487624373
12.522721300389138	85.91973756138653
12.482341299060344	85.68023772070804
12.448555713521468	85.44200401733987
12.455292569993883	85.19605326680593
12.463276401854122	85.25816148373008
12.452138886963956	85.10671755016008
12.397149774880496	84.86099881920491
12.452636319138671	84.95461944589948
12.576403479953116	85.7984623763461
12.59021823776122	85.7330437035076
12.584502588741637	85.65594749293527
12.545218871051883	85.45789421693533
12.487291394274356	85.19813763708433
12.463411200498985	85.0441259304102
12.432057099624235	84.87639513434007
12.461156891111617	84.96243334838378
12.463003416872837	84.96582786081777
12.534219481289494	85.40565234722814
12.480788462631224	85.17769951101594
12.469970325331307	84.93315924745737
12.43768508871343	84.67880541333153
12.40248850942873	84.51003939923166
12.491357345190638	85.02906778295778
12.446055654209093	84.92840576376449
12.411439908122551	84.79399695384652
12.46028033622372	85.0836752517454
12.428761211431262	84.89254836544285
12.39767230430602	84.70383747703863
12.390224770062614	84.55271496624552
12.437103377830544	84.88835622767732
12.437218377646127	84.77493003942517
12.445345983781612	84.83053212451695
12.40836398379358	84.58659391763625
12.378515984684773	84.39111204978151
12.34813116747088	84.21514464086222
12.335571211745833	84.15243885508595
12.333074765705298	84.00514098879817
12.374391848387473	84.22652595098134
12.40443601276894	84.43215937228435
12.393157364810707	84.27434793849297
12.453801209933255	84.61413392281746
12.492881969159358	84.88195066150368
12.494185924597062	84.86372396064554
12.563699682037369	85.27982643269638
12.628264192129631	85.62626242935936
12.748934867073897	86.28793360653806
12.866345085194833	86.96378103308926
12.974275622526651	87.7061462014526
12.99698227875807	87.75685422322972
12.98012074474065	87.65630843034917
12.94644577253172	87.49866915957661
12.92504982897621	87.33844305637827
12.897324933735383	87.2821125825084
12.92821661376525	87.44713047733569
12.919191240489	87.39782452369013
12.883957285529215	87.14372236337276
12.924074679797458	87.2232175272011
12.97325773268725	87.68284680064137
13.028507023197182	87.85277671598878
13.064892522516944	88.06455563980403
13.095442161639602	88.22400371136303
13.095070701037324	88.25493208726795
13.084024360654645	88.1872196902283
13.059218680521674	88.01365235475193
13.022641425470114	87.88344356823185
13.038235039936009	87.8085216975855
13.177598487195148	88.74124976898949
13.321490868140732	89.74316577355742
13.475224325420802	90.74030534382058
13.561889317914778	91.32455656619587
13.648645093317748	91.83163424092764
13.765294666740415	92.61113518862042
13.829296681836281	92.99756766204588
13.932196536850702	93.63268363284577
14.058128911791767	94.50680557971707
14.126440257453739	94.89634908072483
14.134806383580113	94.9932680724878
14.110151539700874	94.89979697181015
14.073362164899875	94.71092007013507
14.040061400578693	94.52566051158298
14.019640465662194	94.33881101723617
13.988550748257405	94.13063572521558
14.007918776840082	94.11384103883812
14.05982281721868	94.51366041807255
14.039718321952794	94.34952491382143
14.02771676703132	94.26452307404622
13.994912726948382	94.10001513385596
13.964305571143806	93.87768451195198
13.917829111974953	93.65564894771383
13.899624005174095	93.5458972685293
13.867752365522854	93.3615372693928
13.84072220681694	93.18027666979873
13.853193569376602	93.2418234666952
13.898606554111579	93.57715245758504
14.05480849728584	94.45574568512099
14.17151978679356	95.24172304520874
14.23163740246021	95.60683602699606
14.294247739412558	95.98303536213979
14.276327917126789	95.887697833136
14.242355757132195	95.70700163261321
14.206684551973954	95.49721566058506
14.21473413934401	95.47959532670724
14.20598754388835	95.46743520370279
14.186383849861583	95.31502504976157
14.202727380307797	95.3269478142493
14.256938796021533	95.67642985621183
14.32008405937616	96.06386302078093
14.326256743891197	96.13510944818124
14.296742702650793	95.96655048277562
14.308045206376638	96.04451183834807
14.34347115743189	96.13845605672617
14.398533267200593	96.45642784907844
14.408851174786703	96.5822283056324
14.434547330169258	96.69303799334406
14.452693951424717	96.81762860409039
14.449588713315345	96.69927055795314
14.481046303470446	96.90798124707952
14.506768940366433	97.04154576085931
14.574442663855866	97.40869498164342
14.625725105650838	97.80787124522385
14.71294115588526	98.33721463278201
14.725456611406212	98.51895784159446
14.706428774069874	98.4003954753394
14.722797144562637	98.44090605445075
14.713182578535182	98.37526072657008
14.723349173991561	98.42651293442462
14.694734056436857	98.21359998301196
14.711913181767944	98.30698367352645
14.708070927994314	98.2651290442972
14.71689858119392	98.35830230501163
14.695579641532774	98.27467885839587
14.677705044334552	98.17862905868344
14.712811509000415	98.34251467317976
14.702377287695406	98.2716105336384
14.6875827165392	98.18138326672342
14.702341252858165	98.27885528597608
14.787697666688247	98.87762184246984
14.848049874111613	99.23582053950683
14.848603976140222	99.26765137917572
14.825030963140865	99.16699602743692
14.789904509916212	98.94020544638147
14.76284635349633	98.76728544053991
14.742740500246851	98.65030818007865
14.721982305090675	98.49088945389711
14.704662753882888	98.32648648734231
14.695516970098325	98.22196432450697
14.660120658751978	98.05403030610255
14.632662162040733	97.88288747847575
14.612316095280413	97.79598760997604
14.58268878714198	97.6235506447954
14.585656405024919	97.56883558705599
14.617131002171508	97.65097955518132
14.769348425103415	98.58049216536334
14.939350102538777	99.68720748568063
15.088436236185235	100.68625581196295
15.147100127795275	101.1095868460501
15.129372495053666	100.98155452108062
15.108851123278864	100.84866032624986
15.102204524922346	100.74934551393345
15.095693267034552	100.70111889773118
15.062846758026453	100.57156353444127
15.04065767685594	100.41833139828455
15.03056496939052	100.3592588954584
15.045267712799081	100.39031236413719
15.034159974280625	100.30261873576487
15.036586137297347	100.24829289660669
15.018147961948541	100.09045773301904
14.992916159955875	100.00486026444699
14.97025220475399	99.87508717920328
14.940990082211679	99.71825751173216
14.912058855088977	99.57177613894378
14.883114261129638	99.40768216892064
14.855262674551726	99.23786941540646
14.872996028390398	99.37667257462427
14.870423090198766	99.38387885447516
14.859685562166657	99.35309581896276
14.836718760339739	99.21513575697766
14.816448825869431	99.07429330515187
14.78590157584986	98.91019844867479
14.779241689890137	98.82738236508092
14.756732183017414	98.65939995598701
14.772171036224165	98.70047462946273
14.757710921220914	98.60304880787831
14.752050939637678	98.54022238648984
14.737576262769787	98.4709358286522
14.710566776204509	98.3256292895372
14.69896837441223	98.23523762709046
14.702533067392466	98.25421614035952
14.713492407157057	98.29102608894888
14.719921864797596	98.36082713909232
14.725404566821092	98.37700939794091
14.724897664561128	98.38461691240691
14.764934345706864	98.65525029465554
14.778287967543935	98.70470627666259
14.771526721761862	98.70937573210736
14.748255272936284	98.5260006471304
14.731713462445079	98.41477525003693
14.712263517593737	98.29560892451238
14.707137123080134	98.2263123994561
14.803714439409152	98.82487367715112
14.863375924676285	99.30297392855222
14.854221481863343	99.23726388356764
14.834538627701507	99.10125667274563
14.825589849365208	99.03322180916992
14.85515217786533	99.18856594888433
14.932790916192543	99.64231796090768
14.957985605352428	99.82518106261652
14.943341431954185	99.73458994025353
14.917705231252423	99.63774633439763
14.90122078460462	99.56421062333345
14.89596919787081	99.52096209198605
14.92597906211992	99.64307499816128
14.975971953811857	99.99484379074342
14.992902403150138	100.14796753953075
14.98041012517523	100.05652524897737
14.96423378871164	99.96250661255523
14.947247200541652	99.8884837018827
14.96254468503847	99.94990737379649
14.98338052405364	100.03402292591025
14.993286600685842	100.15758255501576
14.975151020517231	100.04298786395013
14.951195364761102	99.88945179028416
14.954476064469844	99.91425520517784
14.941930620290046	99.79412080747485
14.979690381114155	100.02794245363994
14.998386757457036	100.1629174824984
14.984926914289426	100.12200610869535
14.9608469588555	100.01680418169005
14.947031472686813	99.89547721642361
14.93115505213193	99.84104520732957
14.923426802793955	99.76054379906059
14.92435863527188	99.69650191254046
14.936799193886166	99.74784247218263
14.934863681335496	99.71371127728845
14.916460011834065	99.64187061536826
14.89146296570212	99.50162922025686
14.900042769062068	99.54802960113079
14.928740802898863	99.71866615609231
14.946204130670642	99.8585183694497
14.944672412179743	99.85440112439227
14.927924542857845	99.76207951661881
14.910614959267125	99.64902831660943
14.88392085591773	99.5134218282819
14.871251369503343	99.43785951490557
14.855231101501248	99.33317182348117
14.867510607642407	99.39117075688534
14.864403689718792	99.38610676746471
14.858954166031658	99.33892090469624
14.888710780252499	99.49754832855247
14.89573477317492	99.52737915159277
14.87815235759352	99.38639001418164
14.893960242404942	99.47837113119493
14.979962560579233	100.02938446165999
15.012888383058144	100.30752462289954
15.05814952293181	100.57010358378186
15.091192486025722	100.82940985132156
15.095553891817326	100.80584733278046
15.102761471402577	100.78540877167148
15.101225612413	100.73289672307565
15.12965810688617	100.9062705699633
15.11163542391858	100.82127247135931
15.09215946329265	100.71351130662002
15.083642898332107	100.63726261380016
15.075906836085732	100.6585585419343
15.058067734279913	100.53901854037007
15.040955078663897	100.45275158707167
15.020540918081705	100.32534385596222
15.001948237852778	100.23197196191424
14.983246664782426	100.09079792957196
14.983861005833122	100.1005611938885
14.982081858715862	100.08188656783138
14.969825304249516	99.99017458502013
14.964944739778224	99.90774968099306
14.953092590662992	99.81596012984214
14.957368079530248	99.7982651024068
14.954033731780527	99.7788392715024
14.943954924441769	99.7083182057424
14.921341292651615	99.59352444858922
14.910676305214237	99.51900225580027
14.911355571284766	99.51119235195618
14.901308363503649	99.41989126380464
14.914987070797473	99.51094337127928
14.94841170377285	99.74569680090431
14.952656504936066	99.77377972845183
14.960563053269171	99.82629729689198
14.958581442412743	99.8484643848869
14.946272884602884	99.75709409542027
14.936685278539409	99.71934774069285
14.920991329501984	99.5994994761716
14.898673881702912	99.51462925586692
14.900537035688412	99.50318979030243
14.891625845758716	99.46946425396577
14.923359348719295	99.62270608367157
14.9711405429192	99.9500571625346
14.998647771154303	100.13041827382372
15.060336031962743	100.53023008966463
15.097204950597467	100.77891471176854
15.113148169432202	100.88790903475166
15.096267447998597	100.78936431280353
15.092743200443804	100.69326007536313
15.132356171090748	100.88813786384338
15.215002232595573	101.41023477369008
15.316524573349373	102.09275670282705
15.42333287258586	102.78434510058484
15.530634348450048	103.52000167818967
15.59830364482452	104.05031128523598
15.611021808361695	104.12034019765275
15.6136457207037	104.15818915806383
15.596477773382803	103.99980419970635
15.586860058246947	103.99659640444438
15.583371764755398	103.93835010961122
15.571363533972278	103.85236204403613
15.571314460318826	103.88648363007678
15.557728813838043	103.81288045734958
15.54953799568728	103.73508862874182
15.529420640865776	103.62922404234769
15.516991507355852	103.5545681719857
15.505500566137142	103.45494215034583
15.497473996074428	103.39552892858777
15.486430167839558	103.33010180406083
15.474664523093187	103.24577020642704
15.459373443360587	103.1407536087183
15.446043127011816	103.05720333100913
15.432050314039014	102.97197715385397
15.44879624734177	103.05296947561501
15.472293281062324	103.1929344593704
15.518761333205138	103.47503138293338
15.548010393715854	103.6312591929997
15.545257446083529	103.61572349955958
15.543951030062777	103.5960489579567
15.535412731338013	103.52000531844915
15.523140015108986	103.45202136325359
15.515509690922766	103.39852648608641
15.539193944765675	103.5673573787415
15.601370097167944	103.99001314883179
15.671855495570314	104.4598747104696
15.724433851400281	104.76929954292383
15.767600860238906	105.04884086729696
15.808694278712194	105.32277920189395
15.80957210450999	105.33152024824622
15.78729122032461	105.2240803780624
15.769832814698564	105.10777509626703
15.7656900287021	105.06938745523087
15.756978503737852	105.0168118117747
15.752204268384963	104.9608276206978
15.754802836197008	104.94872626827463
15.740779652762576	104.86353283443546
15.737145835418282	104.82081096280083
15.724704140875591	104.76210554327734
15.718366709638238	104.70146177263008
15.702714590538678	104.58682133097815
15.689695239946328	104.51615006875969
15.67584577742778	104.41619153988349
15.666170104583935	104.36505091212797
15.6528312637699	104.27636156142148
15.630539705284788	104.17492125572416
15.611336440767193	104.06518274599539
15.60933671287814	104.08039529536315
15.601157532432419	103.97670220724424
15.585124269349185	103.89052186356616
15.565384664609647	103.76409553299207
15.551895168871074	103.6972241036034
15.532381989520706	103.57983553644011
15.515281943163446	103.4835459781477
15.506718894586138	103.42378768124766
15.491744595783514	103.34152633598798
15.482110511107296	103.23675947263173
15.47016410626833	103.17968162223984
15.459044979274532	103.10040699886477
15.460798374056367	103.09950237144109
15.493263641267687	103.27842394440115
15.500734288703727	103.36319554769696
15.487050570967268	103.26691548069431
15.488169979090516	103.2544665281104
15.482541148279061	103.21694098935586
15.46603763271156	103.13655449325947
15.46107951691419	103.08125278404897
15.44735615528983	102.99465317865429
15.442490752194999	102.94014152328198
15.436480172023064	102.90742461783988
15.427743693180807	102.83213499651927
15.414398596660511	102.7675162958667
15.399167160012674	102.70957374169856
15.3887157272903	102.64459687192586
15.37870227306074	102.59939596872073
15.365075306721401	102.52275572480264
15.350119085774711	102.42517183643754
15.34663355706391	102.39933051247074
15.338653577913952	102.35783095565266
15.331360409148608	102.29467163062863
15.353103366744577	102.39915313241775
15.411333293688426	102.76363104846108
15.493387984447459	103.26301407221021
15.596854796417075	103.95027671345568
15.633025533145073	104.18661575599862
15.674015480070285	104.43349995284339
15.700132992647239	104.59327169461433
15.740170592586376	104.87932145488499
15.749648923663624	104.9617382946356
15.75366445131903	104.95751686941192
15.775201883294969	105.07728461218106
15.80437256666327	105.26223403192994
15.823489148896504	105.4016755217897
15.819708157584746	105.36478155674118
15.804982454248552	105.26927585519776
15.79438633588942	105.18471498873147
15.780674114382593	105.09597748717403
15.770216951859831	105.03830632525052
15.756948814239399	104.98764688745183
15.743559228178354	104.89855050546214
15.739166471283745	104.84140079508985
15.735289750542284	104.83437174251675
15.719319150980438	104.7373897109845
15.717395996625863	104.70616137419552
15.714680424707929	104.71596017327829
15.708559224992937	104.70756959176262
15.712552689010167	104.70197411101115
15.700219991958868	104.61988958957959
15.691909492675434	104.55544557449213
15.679835545429624	104.45227569191981
15.667902623394168	104.38887955889744
15.66064127981899	104.34971325792675
15.663864975695553	104.34408815845809
15.667361664214061	104.39470551962573
15.658945530370547	104.35228705018012
15.664628759245877	104.37219697922353
15.672971367489046	104.41663941238834
15.679735073421174	104.47307663159258
15.665418413377342	104.41592625248491
15.655864773470812	104.36123906975713
15.65507767894385	104.36718452703109
15.654779739779242	104.34290277380842
15.647060564672408	104.28482469235382
15.63513519098979	104.22092414435079
15.627649250557573	104.1843283377105
15.614097658915213	104.11826982540443
15.617023764795881	104.15096407070106
15.60761823686322	104.08816676007531
15.619161285967355	104.14750424196814
15.654453070598521	104.37400258441706
15.648613148320665	104.36135173884412
15.635958376737888	104.27688618241106
15.62407711102363	104.19757954500834
15.62424771797036	104.17035407312473
15.635663540987737	104.25514366447685
15.623274568277896	104.17684020194253
15.615220180522781	104.12092972671418
15.60150397151955	104.05316626435244
15.589382103202855	103.93996717388866
15.57932605163451	103.8750454309572
15.570847025536612	103.79922759022062
15.556097076115222	103.73079200414026
15.55575696140291	103.71995788465536
15.547944203672698	103.67634060709948
15.537258834499978	103.62413364012141
15.53041179339311	103.55088369246268
15.541019109981718	103.59623379878903
15.536274778393583	103.56884230592809
15.536712320658127	103.52130628499039
15.57053881103268	103.73208171813025
15.588880557140993	103.85230570480789
15.588598499760353	103.87362702885926
15.580994426098954	103.81049490766821
15.574295188160473	103.74510390936896
15.573922891452336	103.73860948037729
15.574948489574064	103.74351998859233
15.564794650241996	103.70093872842854
15.559278799289823	103.65809417067089
15.563224282819142	103.65970893208014
15.580126577221245	103.75181752951202
15.573806644289638	103.74083431427468
15.56221013699836	103.68018174800669
15.547776017093963	103.58618834214927
15.535961502795066	103.51577258177886
15.520489344678259	103.43726671475363
15.513555656386568	103.37075639331589
15.515021143944303	103.36233011444203
15.517609226033757	103.35739405380666
15.50905650988862	103.26824208734963
15.511157627596313	103.26429488665379
15.503239772698944	103.25210312823435
15.492390432886856	103.19409333318518
15.50192924809674	103.19558846694115
15.513503247306925	103.30095098141739
15.519354089921276	103.3241142579963
15.509626234941056	103.25958892241754
15.498891648108765	103.19234264152998
15.490261883662145	103.14505234964872
15.484650227924554	103.10789946479639
15.471928860251408	103.01153679956693
15.47061694248612	103.01882932522938
15.458464997795762	102.94008341735065
15.45149283356851	102.8742031333176
15.45167542662901	102.82663907934608
15.451557753170658	102.81443603084594
15.440331637805814	102.7459256312559
15.426285465763966	102.6683516668291
15.415258711410786	102.61079803486007
15.406720088279842	102.56973735267151
15.403179138527392	102.52512263524812
15.421739978640407	102.61608534104715
15.428811750419872	102.67698160953108
15.430309579590634	102.67184149620367
15.422147608482591	102.63709118308526
15.428052308783043	102.66324433886398
15.42065217745073	102.623901783888
15.410687354785356	102.54068525058835
15.400105273891308	102.48204488580528
15.398957448933292	102.47471637450502
15.41928175018114	102.61979321924723
15.424887140537114	102.67640462287675
15.412831728890593	102.62108458594984
15.414122469056247	102.58822396090167
15.408938863102552	102.57858228179022
15.396046210849697	102.52129496218316
15.390094431608134	102.47432748645022
15.377936600131797	102.43304069918601
15.372208747195023	102.40065772450032
15.360362285055725	102.33497867626795
15.351005707868914	102.24847783124537
15.340565404844943	102.17908819053937
15.331662919345254	102.11994082857977
15.322766343956427	102.08494424097229
15.311590133087133	102.01244483337983
15.304659101100048	101.9571385166477
15.311578057839194	101.99966288056108
15.304386111081808	101.94451720530878
15.294976634030009	101.8783045713258
15.293551586392525	101.86895529525209
15.304666674939636	101.92482494315333
15.300000575222796	101.89026741525788
15.301138192056689	101.89072403606637
15.319765168561068	101.97667712229924
15.336185626769845	102.10444163818468
15.332977529959399	102.08875709473354
15.324850688356321	102.02034313366728
15.328331215626697	102.04555745673278
15.3282963175944	102.04193645976333
15.328924545063675	102.0680262297347
15.318214232509334	102.00051465731282
15.309663163685977	101.93477432124048
15.30070028908931	101.88607105256068
15.291893646440263	101.82761598820926
15.28413694339788	101.76185569079333
15.289248705118968	101.78360867082819
15.279671895159714	101.72898328547984
15.283154876536143	101.72394409781461
15.274710423792069	101.68573144367221
15.269052519653242	101.62882247719398
15.260733489571997	101.60550969484858
15.248300854272715	101.54762897341375
15.236132299328375	101.48083886439713
15.23895505034237	101.49978547155462
15.230137051484537	101.4499687412315
15.2259677940504	101.42758137043364
15.217018254913976	101.3838170531602
15.207316411035	101.3402116469215
15.20554920852998	101.30411621797178
15.197261417743514	101.26116754700101
15.183973154184137	101.19872398577218
15.172061120861205	101.14361091128018
15.160177562761097	101.09722910187789
15.152060122495051	101.05167811666905
15.151524556011157	101.05321637375481
15.146778726127025	101.03353714776513
15.145034933181185	101.0132359028827
15.159384918956347	101.09858088978932
15.161021981324811	101.1540055932511
15.155904639704652	101.11460598255226
15.156070689843071	101.12756187313117
15.148022807093923	101.08567167424515
15.141252901576083	101.06078120922331
15.12876197281827	100.9993266541449
15.120226916047855	100.92347467863137
15.111808060707942	100.88741057767284
15.108958620601598	100.84958390577461
15.119600230344945	100.90861253918342
15.110983082555036	100.84924993622526
15.11641996067945	100.91229659220194
15.107683166342223	100.85544843615568
15.099076685843588	100.79611139104463
15.090737997147256	100.75195434450953
15.088143981332857	100.72940497509471
15.08730509985798	100.71525523833091
15.087288564883414	100.67833029205745
15.080571005505703	100.62173793929115
15.072966479930617	100.56755942256385
15.07701519321617	100.5927977777497
15.064737854630327	100.53223343044664
15.054327905745913	100.48569352993944
15.047340439859555	100.4289984651897
15.039869031644606	100.38060796707406
15.035489541857325	100.33481997244307
15.03169608762157	100.2848298552101
15.051079276031272	100.41730764438816
15.063585509996964	100.48756511488757
15.0628429161989	100.50372477505763
15.054454741601722	100.45740364731249
15.045313977442023	100.41415167550493
15.040099420602322	100.37594039028522
15.032086047061798	100.31906323350941
15.034010762626249	100.31396795712483
15.032270635166423	100.29093229314296
15.021413497612086	100.21516645570505
15.009493339940885	100.16607278447869
14.999542197066571	100.11074662228047
14.994474087625965	100.09598179359088
14.989752774222202	100.05147860107934
14.995372353297503	100.10639036938679
14.989908561652783	100.0457968376048
14.99070876609891	100.04779135662048
15.031162285928096	100.28734170336492
15.049312735568854	100.40036381514183
15.045960092497236	100.4112937084512
15.049612460032423	100.4053356500759
15.047275574433263	100.40073931078223
15.047503602140537	100.39422128781187
15.068433679654063	100.52900284861987
15.079278388293588	100.59966804256621
15.073083997001747	100.55508397208376
15.0662586720884	100.50630305101981
15.05971155669323	100.47355013647034
15.048801431232029	100.41007711970293
15.038220728451082	100.34562955494468
15.031647113841007	100.29538080162621
15.028025611534147	100.26485239310236
15.02754500635431	100.26309597187608
15.022243614547282	100.22138830257832
15.010254705968892	100.14906750635265
15.003327590025991	100.11048938191746
14.998268346981463	100.07970433662139
14.990299430675423	100.0464923098037
14.990246324724847	100.03209403888604
14.985378830672907	100.02413074735982
14.97436585794382	99.96891163877783
14.969059555370844	99.90872660432716
14.96217030028655	99.85339409969859
14.952805240526926	99.79686461705298
14.944611593462941	99.73897362645442
14.940386677385863	99.71519880303835
14.935198378936065	99.6880220219449
14.932491912024345	99.66979256094241
14.923067008074412	99.6279463281493
14.917579368387834	99.5850626797395
14.914296979053615	99.57203509008997
14.90682222738059	99.52948012580433
14.899301563026052	99.46249662355319
14.893176279401183	99.40038759359416
14.88918063402204	99.38406708902416
14.880303403307066	99.32464571052911
14.878645612178072	99.2999603321955
14.87875193865593	99.27067878207005
14.896127264912517	99.40589250322148
14.890913480619858	99.39033420372469
14.883826076499023	99.34882035504535
14.879853435128846	99.30877274143472
14.890231446838957	99.36156951179022
14.912741507214818	99.49681903757742
14.950576666299352	99.74914720777953
14.984272782753624	99.97831864058121
15.003900659474052	100.10025172952801
15.016278368580734	100.20353025105707
15.00647193282339	100.15131378885725
15.001832473543786	100.12020666815415
14.992107927486197	100.072901851155
14.980631261648304	100.0153121649313
14.97286874866941	99.9677157113402
14.972503162666115	99.94595353690939
14.985864470839434	100.02321297288904
14.997464279141457	100.09754269473872
14.991394194515273	100.08328079789345
14.987816251014875	100.05042029900007
14.977820090967791	100.00983670705423
14.973701693672522	99.9938130186495
14.980497216160623	100.03167528290929
14.994468334924926	100.13934184496934
15.005336362404561	100.21023411203399
15.014076528038778	100.26837507210233
15.017849868437905	100.29771299911769
15.015054367934228	100.2889846778811
15.012787310597298	100.25037723287632
15.007556517901305	100.21088773424205
15.001100196429995	100.15889371503197
14.999735240955028	100.13659292898636
14.99247917551015	100.10238169058668
14.99475966089675	100.12316875147872
14.996564822172154	100.1407697519461
14.990667697789958	100.09830886051708
14.986425835392488	100.0740775562055
14.981605841277817	100.02737047609696
14.974146328158467	100.00022852011855
14.970472731911794	99.97262080539261
14.973993746676445	99.98879203457187
14.971251088379159	99.9802304442726
14.963037730157623	99.93226324534452
14.959559934800513	99.92299490850866
14.957206896878336	99.89994822016516
14.954301693798413	99.86899300317894
14.961406801332837	99.91763487820631
14.960509099061133	99.91706269279632
14.966703915186418	99.96525859683409
14.96548278187906	99.9610906759208
14.956974444216904	99.93495989613791
14.947627157265593	99.88346071431302
14.942118136562346	99.8575735923996
14.934459078714168	99.81448239629918
14.931815329189309	99.79090301957172
14.926289801640737	99.77321216740752
14.921667824453124	99.73222572218639
14.918364578896835	99.72096442025934
14.910221601639703	99.66481087445814
14.903228101794554	99.61357259761654
14.900362303099799	99.58439887312983
14.89794525969476	99.55825487882991
14.897387054105838	99.55975036099366
14.899810079836842	99.55908833882907
14.891373274814708	99.52308415441539
14.882506484898096	99.47039093640751
14.87587955446985	99.42578342723932
14.86553226341915	99.39467970536768
14.857881448513382	99.34863768148999
14.84909381093182	99.31000704872147
14.842423669468422	99.26500670257587
14.833654319615603	99.21686414910306
14.830559129343067	99.17400191080135
14.836552005184135	99.19061502482748
14.844845578191865	99.22943732886294
14.846181115373149	99.23668560920426
14.840491195204113	99.19968342460184
14.83331041538828	99.17027083044846
14.8316812636791	99.15633610930571
14.823383823772138	99.11129770146088
14.819015264341802	99.07635716121291
14.81494200342914	99.07161020909334
14.806087361016752	99.03884938005372
14.809084257379894	99.06117246532582
14.801925681332348	99.0222482169206
14.802478655395449	99.02152122766543
14.795812375371863	98.9778510377252
14.796204904585073	98.96141031328658
14.790291901922327	98.91748496845348
14.783477764574442	98.87817031032623
14.781097241419916	98.85788175223419
14.784385468930838	98.86227246229387
14.79927889271876	98.9522353259951
14.82931269259442	99.13945319181454
14.86726092563277	99.37823009357365
14.899795761659924	99.59538857501998
14.946123068410989	99.89011478208315
14.98428506908753	100.1262330588385
15.008818840531445	100.28323760461573
15.008474822303402	100.29529714278345
15.004173768377738	100.26892625395762
14.99755957004551	100.22841583237823
14.990556938820472	100.19986123770633
14.982910075260442	100.135218780083
14.978397035059125	100.09288647481854
14.993472303883738	100.17883852421292
15.003190496332998	100.23428261981512
15.00063919267749	100.21961790674204
14.99779420599188	100.20561329187244
14.993009966775004	100.16813931982864
14.98428153495225	100.133155583212
14.975965207015065	100.08122640547779
14.968277459385991	100.02173106230934
14.968334808641401	99.99967086530576
14.970656135877697	100.03056421003653
14.96606080406749	99.99569174892554
14.957255692404196	99.93919821610973
14.948101937560747	99.89073922303996
14.941318584636507	99.86585050898678
14.935385694747279	99.798749301475
14.942190533720584	99.83620411530879
14.943119498540714	99.83441502472577
14.951457702658665	99.88471897759354
14.954379324511152	99.90657046613168
14.947583035262623	99.8686353679052
14.940109460851044	99.81845025024178
14.933945485128675	99.77829719693088
14.928010903034403	99.74479213798975
14.922107607719516	99.70508889389126
14.921078525212922	99.69285006975264
14.92217235541881	99.6999063265772
14.920294860832556	99.70366270266408
14.91467594431252	99.66330207491741
14.915030531129252	99.66159544642426
14.910112299453859	99.64115271514885
14.901141032920314	99.5796585801316
14.902027570798262	99.5663429813694
14.906720241993082	99.60123566541053
14.90211237388602	99.56767043864409
14.902513193120548	99.5713576386153
14.896934213237385	99.56151602152826
14.8984703340647	99.5652127349571
14.924078296065762	99.73607327895164
14.948267463867557	99.87983349809133
14.95455840997676	99.93041522896783
14.96192210213956	99.9718173651314
14.952987484177866	99.9168814401033
14.946692581681692	99.8733060888867
14.941518506367386	99.85723915443273
14.937501856794249	99.82262090952325
14.94153209076294	99.8305657309199
14.937697976131282	99.80345496980863
14.939437616161316	99.80985404634158
14.938236698566836	99.79537649837496
14.937696207951813	99.8027081362484
14.934534200874436	99.78629861395957
14.940891806872047	99.81365867984653
14.946310189626901	99.84962468737797
14.941540637824993	99.81011319317541
14.935766874941597	99.78119649333735
14.931861873445866	99.75980682284417
14.925498852200805	99.72567536499791
14.925417140798862	99.7285722191008
14.9166249162532	99.68062580451776
14.91238191899325	99.63974777105831
14.906845168749516	99.60005695514296
14.90529797256817	99.57235992743698
14.925725293369974	99.69881609970251
14.92227878011859	99.69023195731955
14.918209936813424	99.6518464557355
14.922116823105139	99.67407285294973
14.924219000182456	99.70372414201208
14.924840510731443	99.70643095568384
14.922945690300958	99.7008322880311
14.924521162969883	99.71476352186087
14.940305843942363	99.77268365270785
14.962206896124508	99.90905293132795
14.96095023874025	99.91017582239077
14.962993984402953	99.9151676409791
14.957402822754043	99.88128132662824
14.960728240761055	99.89365070470372
14.970733403450614	99.94339852691854
14.977294460346965	100.00151516424428
14.97744844026869	99.99635607068625
14.972742374441747	99.96718256546335
14.965657294074617	99.91611522257011
14.96637030468253	99.88834553606235
14.972076497526416	99.90595009689721
14.970541430493755	99.89441177774047
14.960932505100523	99.84094167211042
14.958902100770544	99.82609028698076
14.952337607275128	99.78336643050783
14.944748375944226	99.74925946879479
14.949151471562526	99.76069930359058
14.959183223910975	99.82397540894179
14.975797156684095	99.91693020730274
15.008192319111185	100.11991363878457
15.033930975093796	100.30462518513795
15.05069417323092	100.42232969696953
15.053019799080525	100.42825232471876
15.071609524384163	100.54744405199143
15.089505148843038	100.66794511598725
15.083215202888578	100.62709337320476
15.087356242550522	100.6558290640764
15.086766110557669	100.65181419494466
15.080998311084842	100.6156218144166
15.090110238436036	100.65624171015496
15.107878605283453	100.76288768930725
15.137484075357852	100.96029696285193
15.144730725023328	101.00858281763817
15.14730942874554	101.02927831800272
15.148162079936439	101.02783761228136
15.145238687548344	101.01536780143444
15.142535423148068	101.00552685829528
15.135796996632227	100.95934623707427
15.131163750414498	100.93307974551747
15.124309038451742	100.90253232919832
15.119376135286561	100.87305757903503
15.116659786245654	100.8513460305371
15.109957995305743	100.8194032550684
15.102521549907522	100.77785792871317
15.096203616656975	100.74724794633555
15.103693096033462	100.78315149334499
15.113250304925698	100.82821754432598
15.14774332213416	101.04661893372695
15.177043570512932	101.22919346278807
15.215591735978158	101.49558893156808
15.243388003398332	101.69028683466317
15.254193646846327	101.77398024239875
15.252711395881379	101.76634222667151
15.26817378589551	101.85892484396906
15.274595222028298	101.92267746943412
15.269525072695732	101.88758672163908
15.263599023150983	101.83981172459973
15.263351084076266	101.83458844659505
15.255552937726245	101.79871692973485
15.248337787474346	101.75626528018955
15.248778115107374	101.74174509856527
15.24369264001901	101.72274986351596
15.239433157878247	101.695379812778
15.243534624916512	101.7191887290647
15.251865027939296	101.78044301244165
15.245706566602854	101.74039367038884
15.250289968404418	101.76282462671902
15.257589314802702	101.79534538640944
15.276366679929096	101.91135011052677
15.292024431234585	102.02033287679038
15.287678892315283	101.9970067566236
15.281131292067567	101.96355989607423
15.278320913174431	101.93441186071901
15.280499762281615	101.95230097843353
15.284095045671393	101.96020455852204
15.279309895753864	101.94419624007197
15.273515139387035	101.89747110150579
15.265136001998787	101.84490951462544
15.260122786161242	101.81252165324398
15.254679522131916	101.77158635056026
15.249168096507923	101.73247608733196
15.256170581989922	101.7440157418162
15.295491560772822	101.99827659312272
15.326846979344888	102.21642177496265
15.346642583057207	102.33932140109795
15.382607052104072	102.5700300702594
15.391332669113519	102.64637151529341
15.385002706328718	102.60411904735395
15.37901070402418	102.56978697632535
15.372176236419342	102.53548036088362
15.3668171587323	102.50420233825416
15.35901706820919	102.48147217182499
15.352525779282093	102.44484036114957
15.353628192777673	102.45435692308696
15.366233501956799	102.52485531037622
15.366587730450933	102.52601098350038
15.371441845307	102.53582749873937
15.3921183888931	102.67144326709625
15.41264952791036	102.7993386242102
15.423480331340215	102.86478417126067
15.435222209959493	102.94193009564628
15.460112230803414	103.1022657090391
15.472843714576808	103.19500831852935
15.473372149174285	103.20860358005073
15.469214457148615	103.18530937076726
15.464227944709089	103.16096023815125
15.460526388296676	103.1440420982299
15.45733457847237	103.11932014017518
15.45655462055562	103.09282118850288
15.468248428842237	103.13727798071429
15.488773945272763	103.26630602681537
15.490884901317642	103.27033578885614
15.49049261134843	103.2710647775185
15.482897573186328	103.23711857604619
15.478798982466577	103.19310425324326
15.475018137257067	103.17566577163473
15.472915179775782	103.16385360029037
15.465604685541612	103.12174404279534
15.460319220536574	103.09864962445644
15.457956431028204	103.07623585438513
15.466203977315036	103.12679289730032
15.459730928463586	103.0924347297198
15.45365631540465	103.06181241816556
15.447110159319385	103.01811955931694
15.440164309635989	102.97066280872778
15.440162414364947	102.96293464507153
15.446343574801155	103.00522303343918
15.445048753143004	103.00094202411029
15.438568683299394	102.95878889746453
15.430563189043992	102.92066375702774
15.42526252236484	102.88307813226588
15.433873958287428	102.93719621146224
15.450826463006868	103.04694662001033
15.46990293581353	103.16649701523473
15.497289526934283	103.34255083585956
15.520980552926833	103.50159918604635
15.543957289111695	103.6580716180474
15.568635882426369	103.80949210021599
15.57439619885293	103.84788347621645
15.57085060067391	103.81003564649687
15.574007525526468	103.81690427459306
15.572350687475812	103.82656481403619
15.570314716565768	103.81951018706731
15.565964909438728	103.7872289795854
15.559593640616539	103.75884910871093
15.552845253023088	103.72032771843156
15.553841951470073	103.72477490604328
15.552133200611483	103.72742195395767
15.547773573781825	103.68424541456287
15.551438313015979	103.69461227020794
15.56702326318409	103.78987323979959
15.576288146963309	103.85595410835525
15.57487679394906	103.84006004198407
15.567119749673624	103.80125920713252
15.563050000514439	103.77840654620404
15.568750420444573	103.8249984004027
15.565199691072715	103.78625126306768
15.562326117084902	103.76492836502113
15.56197694905565	103.76258526400943
15.560756748313604	103.74694094871712
15.553745406434508	103.71087739179607
15.553741630720637	103.68840764482235
15.560116101335458	103.72770439603016
15.571039558210591	103.78772821640828
15.573088358068846	103.79713929794875
15.575807734294939	103.81422118066173
15.571296317299575	103.79162011768541
15.562356493681666	103.74585601263497
15.565385273219311	103.76498858065003
15.566483101437253	103.78610194742218
15.564912939348675	103.77986422440017
15.559321857191776	103.73410439571795
15.561719591117669	103.73528027413707
15.568060250608744	103.76381949137821
15.565434740068154	103.75161847809485
15.56147124455529	103.72837902522897
15.565712763811085	103.75245088244795
15.574171684589508	103.79937304481257
15.573674088664692	103.80449913923566
15.569545609532346	103.77384680915172
15.564898331022714	103.73764525370898
15.566801518083643	103.73253148896934
15.569351316153952	103.75480233625001
15.563653293451653	103.71372882187455
15.568566708381626	103.74023771049582
15.570611756415438	103.76226825470195
15.567849030481966	103.74598279418896
15.567385985484144	103.72833619789895
15.565623330112485	103.71143349536706
15.558217918108527	103.67462594592246
15.552891919289312	103.64125525396342
15.548015191777209	103.61502407223396
15.54639041090016	103.5969744415668
15.543987524976908	103.56650891640311
15.541633891312392	103.55915442119763
15.53994638344081	103.53659241929586
15.533574986083602	103.50142074466467
15.535231376610573	103.51250737847799
15.546871500426604	103.5932089099185
15.54566716656671	103.57596316646186
15.539240669823384	103.54142801578229
15.534662544771143	103.51713478559064
15.530032648646253	103.48324663389016
15.527453283677284	103.45687956662054
15.521589213143987	103.42707399063708
15.515683374897602	103.39696823167655
15.508731807642873	103.35272170352395
15.504618280006694	103.31616275777976
15.500463643836428	103.2956523739485
15.495125048699943	103.27130720617008
15.494661969583778	103.26824706202414
15.487535286569369	103.23296371058022
15.491144151788527	103.25398874189082
15.485429808752018	103.23011383723077
15.482419324795995	103.21005050077798
15.477466555063387	103.17703934311352
15.476791036006253	103.17557411458843
15.477496161345272	103.16916806111344
15.474290741092538	103.15184908609926
15.46665692532861	103.1211234790632
15.460150737669052	103.08981546145561
15.462261125786595	103.09280337650385
15.47056842274974	103.14818158936306
15.47641089032761	103.19014078708176
15.487864024591495	103.26046422712578
15.4865467233935	103.2496669659961
15.479685200246465	103.20491798559983
15.475452908885087	103.18070001029908
15.469268407515449	103.14745742351427
15.46870146527032	103.12667443296183
15.470309341142663	103.14637712244293
15.470478066446452	103.13951259529186
15.470695679510992	103.15192411324787
15.466617791039047	103.10978990926314
15.46418462404954	103.09158118645439
15.46115658278987	103.07338393207937
15.45452846963008	103.03118181756166
15.45364958032713	103.01739333758137
15.45405751680792	103.01021837751233
15.454032232931231	103.00610820939735
15.451044334952886	102.96941821247556
15.449826310841342	102.9702145563105
15.443877978508292	102.95031149626283
15.438329531605843	102.91333267995596
15.436768456349052	102.9127737674566
15.43224285771908	102.8727735858446
15.429313795906484	102.86798361101235
15.424538634630823	102.84006586915343
15.419168393673626	102.81405078489455
15.412157284612444	102.77413531861852
15.411782186424023	102.77845722922541
15.41122782319512	102.77473183393461
15.411621304531282	102.77244593418125
15.422697044472644	102.82676140484068
15.456822354663611	103.02790081302811
15.493169143394724	103.27018641540398
15.522977590307187	103.45714272621711
15.554176464437006	103.65628191560451
15.579560908777998	103.83136566821618
15.599158584839847	103.95709830073454
15.615345653362736	104.06402387363558
15.635826452308791	104.19759997492126
15.642865149767362	104.24355982228796
15.64499888507921	104.26271734789455
15.6407903670498	104.2415589408051
15.640060143660351	104.23182440542797
15.635275449065343	104.20778773630583
15.640352880719496	104.24360585712449
15.649390039328416	104.30581424660683
15.644751148133093	104.27101169731762
15.639280904765128	104.25017234467767
15.633608876375801	104.21139916295168
15.628404105847657	104.18060603525225
15.629552947228927	104.17661001540601
15.623484478247242	104.14200194881593
15.616364418194003	104.09552308396398
15.613767375847642	104.07434961976332
15.609435513750945	104.04839179775281
15.604299509329348	104.02286502268372
15.601951089621455	104.00431851885986
15.605519585300913	104.01268003404408
15.6018799419244	104.00193132543721
15.594766511654717	103.96414744993602
15.595024123176948	103.96778935420602
15.59272042207399	103.9524304046291
15.58846600139149	103.93558624534536
15.58582954932002	103.91128400208372
15.59342302246412	103.94369366139894
15.589278150849355	103.92373366199725
15.586023962883788	103.89534944459267
15.58175461128371	103.86116852171207
15.580106488455574	103.84542599360364
15.577861340366422	103.83047963744572
15.573387733692869	103.80734572142782
15.571978618759712	103.79701414265362
15.568146699181916	103.77908909235775
15.563460559166593	103.75545411143048
15.559694938692791	103.73035098601747
15.557798261206175	103.72244610297209
15.550983054827523	103.68457995015058
15.551603156305134	103.68113767148944
15.555158345484108	103.6982200309422
15.5630977072755	103.7549296628289
15.5670196877715	103.76974389268901
15.564197253386128	103.75942814697193
15.560703685072115	103.74462230172848
15.556747235022321	103.70694113110564
15.553919701871504	103.67775181087809
15.553456104481203	103.68312967951317
15.549158059006787	103.65260608438112
15.54408444927249	103.6178541798662
15.540650481599759	103.59590726184149
15.537399729827353	103.57705093560764
15.532829557548206	103.55406642839031
15.531158267883312	103.5391875313284
15.527172907310453	103.51168768132182
15.522072118797627	103.4814125550637
15.519724027960144	103.45831126139436
15.518078364825277	103.45013587737408
15.511913576426062	103.4090417713269
15.506266582924026	103.37232723903519
15.50157533103204	103.34290878247047
15.504954989550376	103.35062322404083
15.502597493467077	103.33677179930667
15.498823558189441	103.31994449920624
15.492866234597374	103.2691587835154
15.49393553629541	103.27353287155357
15.48895559928625	103.24311875703015
15.485390016140766	103.21936532619874
15.479440158953107	103.18799282881479
15.478213785604337	103.18809190564006
15.485822740602064	103.2378998678943
15.500623309012612	103.31361180522394
15.52521071960778	103.47567144168768
15.555696984667	103.68072307722665
15.580304866034666	103.84659821022817
15.603611040473755	104.0028786189555
15.62193192260772	104.11855848842141
15.64325849188463	104.25334370761415
15.646998060190016	104.29764763750343
15.64145048529403	104.26344407625321
15.640160371111303	104.2410568695584
15.652365492872152	104.29208292459076
15.662501493878084	104.35782650065183
15.673217560345849	104.41824749140868
15.675696830153578	104.44400240934422
15.668875581686926	104.41052640102275
15.663258979958439	104.37955297763624
15.662823412902862	104.36478095925114
15.667278964405847	104.3954269413727
15.669337818067481	104.40827308117355
15.66716786483738	104.38928901105804
15.665193637649988	104.37891896741434
15.658373835056722	104.3435502163308
15.653429529348307	104.3060847505851
15.655280805809426	104.29753226946407
15.66180380683517	104.3328612524873
15.663426855511482	104.3446440544741
15.65985518925325	104.30639046751993
15.664947458932966	104.32859092737934
15.676828030825542	104.40054310024834
15.688688857554663	104.47327168897306
15.713708885385266	104.6036961431405
15.74629895213586	104.82711904140382
15.775941045589049	105.02456966086599
15.793200131645957	105.1441299808505
15.7914679795513	105.14633960687115
15.788949387186001	105.12513150134258
15.78313055833335	105.0955620467777
15.776828806749231	105.05822723319723
15.780316854308147	105.0724939480232
15.774310276764426	105.05882994153227
15.768874745295825	105.02632349124413
15.764665571785454	105.00468602584402
15.758504993095325	104.97815592652212
15.754461041173458	104.94767240318802
15.750691837460908	104.92982969917996
15.74482111106473	104.88987776578053
15.739843271509976	104.85946940105212
15.736695722438549	104.84214654263918
15.738570368123476	104.85199831261811
15.732816403203513	104.81192820566488
15.727532946046857	104.78573611005173
15.722134257082303	104.75607529386588
15.71648041990971	104.72291456864825
15.72939359222635	104.80185370796444
15.753104806338829	104.96167118369496
15.780014900324664	105.14191096397185
15.796144946995211	105.25390459534262
15.799793505397687	105.27736247339546
15.798552451022273	105.26109146343568
15.79970995001121	105.25545777731348
15.801162243717146	105.25180952104472
15.803766610342873	105.25318196550847
15.798638435276215	105.22623044375548
15.793213727647904	105.18661674058843
15.791187409199079	105.16697910421074
15.784552853416399	105.1344122077156
15.782008668813893	105.11487920712375
15.786995429311252	105.13576156309504
15.783983503265276	105.1104761593897
15.780645156368479	105.08214338267433
15.78146816045069	105.08064821932905
15.78286213700298	105.0970908510239
15.778919962020536	105.08328279399667
15.775677011212808	105.05471729951822
15.777726115708768	105.05436036435447
15.776904733075314	105.0498694508657
15.777314751868301	105.03423717755544
15.781135353279565	105.05802649073776
15.785357318780035	105.10117329428554
15.780062436609919	105.07040687940345
15.774534119787404	105.04333576177659
15.769326963920847	105.01663231102512
15.762628314059402	104.99135356329089
15.758803191448951	104.96944160672379
15.754535746226601	104.94719663280846
15.751844792323128	104.93282390220789
15.746878845454289	104.90241741504799
15.743185006246309	104.86915843669794
15.739522911986016	104.85265825728371
15.732487485192244	104.81453901938328
15.728316117642557	104.79027270607705
15.724927968424861	104.76167525236895
15.7217971165214	104.73307111248265
15.730869809725679	104.78750490122124
15.729781390857998	104.77425939655804
15.731363373713924	104.78486437066873
15.728115544365387	104.7607062707384
15.737536173383974	104.81747690979103
15.743211827496477	104.85189870098466
15.738403197104732	104.81908621698959
15.732029261377873	104.79480671693814
15.72570796988518	104.76309311234246
15.721843976259679	104.74600913074899
15.718639245772843	104.72212835406592
15.714617564344865	104.68508355337877
15.716974105663342	104.69569307262509
15.719962870838657	104.70794855329056
15.715148290184196	104.68708059060229
15.71033925510101	104.65168188920262
15.705433496419024	104.62419301366785
15.704065804418914	104.61343165141705
15.699392823675876	104.5840676456383
15.696666601901706	104.5693738172187
15.69334772560986	104.54646722698196
15.69309796464064	104.53890224793868
15.695703018110537	104.54696171940495
15.702359348559185	104.58456562010151
15.70260578700034	104.58033378919998
15.711300015270542	104.62897497694625
15.72459383033766	104.70485394172518
15.73742492512315	104.78613957341923
15.738110310275784	104.79249432654308
15.73488692446042	104.766887610368
15.731633353049194	104.74786059692212
15.72794476805558	104.73523749941883
15.724692037424855	104.70352080529861
15.721272154042907	104.67577675888516
15.72213816119949	104.68670101920374
15.720538802259524	104.67783007124724
15.71514064890567	104.65208313519558
15.715157398236576	104.65059495488609
15.71164806337699	104.62478772076693
15.709649548867358	104.60820556556565
15.7085095192927	104.59986357788888
15.707172479874366	104.57511687744781
15.7116157944777	104.58804131519821
15.721589076792311	104.65203016648906
15.71786677436144	104.63489904871331
15.714211891930537	104.60398746726725
15.712267469267035	104.5894864963495
15.709646281044368	104.5688141397439
15.703824925385517	104.53518386923821
15.699397229668893	104.52581683157324
15.693600621870605	104.49481298656725
15.690627325680675	104.46346540664894
15.693396574546915	104.48034086034818
15.689679382896562	104.45569506249508
15.686851826828825	104.43282450111407
15.684064260701787	104.42763218174929
15.680679024924334	104.40518738661994
15.677033242115046	104.3892819948684
15.672078620276809	104.36381941378608
15.666483766253933	104.33160071538141
15.666065649979288	104.32889572692197
15.663167535725007	104.2973071876208
15.661931394103926	104.29328303175697
15.661686141180539	104.3016146210038
15.664465809724799	104.31279806846571
15.661201640301519	104.29854355753936
15.658934290792967	104.28434284632898
15.65968298405518	104.28037597248365
15.667743681160944	104.31936674213071
15.672764586407109	104.35125042452826
15.674493359191956	104.37187186896533
15.669560908282174	104.3391162117351
15.662982694564318	104.30276413516206
15.657201283415258	104.2741548673801
15.65483254823841	104.25763839427887
15.66309381056217	104.2955883809197
15.675979040464247	104.38637348948001
15.677709789680387	104.40043097759421
15.677266347388022	104.40489973047752
15.678801278675598	104.41275426678561
15.674440668539749	104.38623644134509
15.671446966373654	104.35986912452789
15.66629588040004	104.328898721353
15.66242744471738	104.30321626022842
15.659925255947824	104.27852140990375
15.665209031026446	104.3073050973743
15.662146583990884	104.28214362787158
15.658012362081518	104.27008325532313
15.652509729962647	104.24241488646916
15.646382053168868	104.2089505778302
15.642263603246082	104.17836253334879
15.63938377613551	104.16086728682139
15.636439599981275	104.14696869314815
15.63216336588048	104.11452920819983
15.629735377200188	104.09360298664735
15.629002781670831	104.09843907118245
15.62521784480637	104.078915358033
15.621398920578136	104.0487265958899
15.619063253107237	104.03083036084928
15.61441358820801	104.00232982310257
15.608477890110406	103.97485733742501
15.604452459656436	103.93770987184236
15.598938972821925	103.91462097000313
15.59701976979551	103.90268781350879
15.599489058572592	103.92716530537197
15.592783964494812	103.89608642387375
15.587243630421513	103.86557738631424
15.581147472007187	103.83930552994917
15.576146998082605	103.80918301317544
15.577546148102122	103.80741203274607
15.588903413665898	103.8759792748004
15.597181153423488	103.93593527695842
15.59738574879604	103.93494969193202
15.596908323704456	103.92625193179921
15.593722755372676	103.90585409004102
15.598368668032434	103.94159743490923
15.593397971492006	103.91641736193203
15.589046957837471	103.88981974090537
15.585785333163821	103.86731912784919
15.583063264860664	103.84368212339785
15.578481515748866	103.81160335359343
15.573237117245846	103.78455988032592
15.580011078408276	103.81320015694703
15.580876931254311	103.82765781878251
15.575829089894606	103.79719392565036
15.570871068794489	103.76889267140372
15.567794499658165	103.73743354369435
15.571243982903592	103.75182964035734
15.568424117628767	103.74561048638768
15.563412484189643	103.7130260405215
15.562487860400747	103.70376592810307
15.558244705015953	103.6778656480009
15.554480237998327	103.65437043163777
15.562662066735191	103.6987782919719
15.56488929352362	103.71365438368501
15.561586466308706	103.692461103883
15.558566812693686	103.66770426701534
15.556931952559562	103.65140475241785
15.553064002738427	103.6349998350604
15.554086533653035	103.62554129756208
15.549205483596632	103.59927397613355
15.543097550947383	103.57257083081419
15.54051448217004	103.5499697410313
15.53497105145409	103.51693663628895
15.53512497972795	103.51567628156306
15.542910872462867	103.56759108767652
15.542853976987951	103.57265415955614
15.541966997929634	103.56137124863045
15.537388104281638	103.52703965593327
15.532809046475426	103.49887724256145
15.5295323403815	103.48092797049499
15.525562714472823	103.4560474685508
15.522600513358157	103.44402505744239
15.51715181881493	103.40774116383568
15.511532740608788	103.38106010266725
15.507473669580419	103.35019489763899
15.505739449948654	103.3363619367132
15.50363277985182	103.3269364788069
15.499103885288678	103.30594709311637
15.495211624017776	103.29071346211684
15.489900575632037	103.25379077875341
15.493017506287572	103.26542232621736
15.493808484012721	103.28214391612333
15.490170118776724	103.25865881419385
15.485877018357444	103.22852466942437
15.48213524107348	103.20510982201691
15.478765863588078	103.18493445828416
15.475790917592423	103.16207111615148
15.474497415275357	103.13828806165051
15.472278197728922	103.12805940407941
15.472469571336088	103.12631975669787
15.468849761686368	103.10372167871839
15.464877723381012	103.07499414093692
15.460838640548003	103.05337506199453
15.460583495155102	103.05847917660438
15.45528812438116	103.02168082099314
15.452125945490195	103.00663829036733
15.448868644297294	102.98492949314088
15.44626121909458	102.9720658966871
15.44672928563539	102.9691747255733
15.444390129271719	102.95959627972542
15.439277476395887	102.92776609054452
15.436118337884468	102.90145768874552
15.433943280422922	102.89445359519843
15.429175962831579	102.86491553548251
15.426501141340404	102.84334094450874
15.426398748040453	102.83817442554802
15.423158023114704	102.8203067915146
15.419423962732127	102.80212837979288
15.41446496089377	102.77055336403053
15.410662618145658	102.74743199956606
15.405192420605005	102.71988339275073
15.402012355686017	102.69494953894265
15.40266035387923	102.7014895589102
15.400730600883765	102.69083873495246
15.39926897215716	102.67514492397689
15.399813836345073	102.6765449779809
15.398529163538191	102.66649070527853
15.394130571882398	102.64233884067966
15.399492622948609	102.66402391559018
15.396070382964977	102.63455666656444
15.399484652840368	102.65141162948072
15.408826022353876	102.70408705085718
15.421477018870574	102.78546904163537
15.419701297810645	102.7743874486439
15.421030072391131	102.77219665685442
15.42698658155319	102.80675535689448
15.423858923417232	102.78520152564973
15.426395196591438	102.80801915032762
15.436034920375262	102.86271445521541
15.43824080198609	102.88553615346865
15.434404726085338	102.86220009713125
15.431100056626024	102.84240178440676
15.426323482755048	102.81278986062138
15.422999772931156	102.78772374356875
15.420237551329723	102.76347427231102
15.418820710785058	102.75698494605777
15.420109772043668	102.76852515469633
15.418824902262594	102.75852026238807
15.41298534335108	102.73569645189411
15.407855663099275	102.70443557467031
15.403373461246582	102.67821457063637
15.400122287787632	102.66310862451665
15.396542134656586	102.64070119964967
15.395671959157246	102.6268976297216
15.399532142819881	102.64754531003476
15.400959436575691	102.65343510383522
15.405270630454488	102.67564480455998
15.414529712285338	102.74827069323273
15.411399443602075	102.72451118600524
15.407738079707466	102.70954782239941
15.406106521744942	102.68708005871443
15.406884728012665	102.69227995962163
15.403578047583533	102.67387128389376
15.40099387737745	102.66099605425798
15.39689632742746	102.63658053346222
15.393662860283603	102.62225267217104
15.38853187992834	102.59959224351161
15.382973369529477	102.57550340217698
15.378286184047335	102.54639572678029
15.379108018146194	102.54898059425044
15.379214517175983	102.54248265260665
15.378573064702689	102.53388334465942
15.382379817866296	102.55422806867257
15.391288636373316	102.61218302022465
15.402677475592506	102.6917017638212
15.405500671478663	102.71339296559
15.401863180930789	102.70205409245457
15.398850241240899	102.68051439329511
15.39708780297155	102.66444874677904
15.403254448757103	102.70197349444184
15.411510681440376	102.75486472792456
15.413884185107737	102.77211468831634
15.42054152563199	102.81434684202296
15.428985903984431	102.85775913210578
15.445080581867952	102.95646582612173
15.464262903167548	103.08290890161702
15.478998266839206	103.17970779161806
15.487455050199085	103.22820789317042
15.489697949124931	103.25104660220313
15.486196544374732	103.23057723678059
15.481444516895685	103.20319599978421
15.480238348935838	103.18944485770577
15.48110237519216	103.18950125554719
15.477862256603037	103.16648892266491
15.472840845497194	103.1387314263305
15.470734095624668	103.12469668440683
15.46857048899743	103.11384057179326
15.466048559898901	103.08637170508389
15.473021698310244	103.13001996316018
15.48172298688276	103.18234504995876
15.483775732357179	103.19604420871792
15.479617039155208	103.16550714467938
15.480995424296921	103.17258580578157
15.490493464922059	103.21109214114627
15.491512924216998	103.22571415806007
15.486778841023888	103.1984480741767
15.495127803477784	103.24632550227946
15.507456237019293	103.33062903487945
15.511124273493488	103.35510251952593
15.520321595297697	103.41429635767102
15.517827190361375	103.41114510224416
15.51359276561784	103.37659292374174
15.512604349983317	103.36438755738467
15.508014166026356	103.34018286694184
15.504293702475996	103.33092771037555
15.500814348188348	103.30634917251517
15.497080714836285	103.28993239094638
15.494634047641105	103.27012292737115
15.492349851767083	103.24226692448055
15.488910933011338	103.21656611496446
15.495373058228756	103.2526370820629
15.4969782072502	103.27949850895389
15.492658816612888	103.24862954741688
15.49225738022498	103.24177301444351
15.489132594008371	103.22867314380578
15.485146189511067	103.19722940824147
15.48112351695995	103.17743165014554
15.477025453013406	103.14455203027681
15.47229366346557	103.11373684505145
15.47029826377845	103.09418727293844
15.467093582538775	103.07842735064085
15.469742129536094	103.09192328958629
15.470315762221706	103.0888139403419
15.466935571110103	103.06353788688192
15.463955664431866	103.04579455057437
15.461045574038337	103.02504372093185
15.464107619498398	103.0420093831257
15.478005027864487	103.12493211168427
15.489007073508349	103.20243482696844
15.493968392649666	103.24246254581612
15.490591791472019	103.22137966420213
15.48710664977674	103.19680119344731
15.481654010851978	103.16672541453278
15.477254642530198	103.15057192283798
15.472660575692052	103.12619085159052
15.475352643830075	103.13724271300813
15.479624879573517	103.152620218452
15.492664182230843	103.22573374459243
15.51046053686982	103.33467786631425
15.530971041334167	103.46031248753096
15.560345516825926	103.63806088540247
15.600775027406803	103.90947444649332
15.637026085674357	104.14820748739388
15.665493311059599	104.33856344237947
15.692536498710059	104.51387207456109
15.717072653891755	104.68500573030266
15.726250359206215	104.74828071340151
15.728520124041193	104.76902307624273
15.728987243899288	104.77636124812274
15.727147800410807	104.74956017133572
15.724711645694022	104.73478191422961
15.720715358465867	104.71169200254135
15.7179936744656	104.69361903294853
15.712902290805317	104.66738353923023
15.708076509014829	104.63390406618961
15.705390792735423	104.62090806877565
15.7013002428847	104.59716379679278
15.704156541140529	104.60725609086083
15.710338819575924	104.63951014565434
15.711543894471271	104.64138180002925
15.712899564438048	104.6470224767047
15.70851049349517	104.62336776543914
15.707908308749719	104.61321741641795
15.705902887142058	104.61024882349454
15.7046402065241	104.5984559279901
15.701412893918668	104.57976883170247
15.698316446722908	104.55233417459623
15.70167698083103	104.57203083702392
15.709222545319074	104.61960094588389
15.711730992410416	104.6329406954159
15.71103734193153	104.63250067368747
15.707583241635982	104.60476549451984
15.708796155391472	104.6067479121817
15.705228793238765	104.58511418065034
15.700078297988245	104.5590854297613
15.695225125408708	104.52751078821817
15.69238990956844	104.5011863361814
15.689776494735124	104.47975970474435
15.685346016377789	104.45305088168836
15.684193164652928	104.44067708339698
15.68374396851789	104.43979727094974
15.685117825441637	104.44085719658727
15.681591375809505	104.42084642385053
15.678536778075479	104.40465114190843
15.674539404491782	104.38081487899842
15.671726801598428	104.36079738108566
15.667177488601826	104.33463430887173
15.663420153370792	104.3049423352581
15.659258084921802	104.27594327258934
15.654804505116282	104.24770688143104
15.65176423967594	104.22685495259813
15.65223492732977	104.22736017724483
15.65959485765893	104.27104494078233
15.668979346275663	104.32079492193654
15.677451796953756	104.37998031797753
15.673072859598934	104.34955748256849
15.671998174497825	104.33238581380564
15.668489065703225	104.31247298388425
15.664979225354863	104.29053389415881
15.660227479335038	104.2636816522208
15.656019905124221	104.23776077907134
15.652923822558833	104.22460069460718
15.65163071347644	104.21740490275357
15.648008377914351	104.19469776132851
15.644158204339611	104.16645726067345
15.639007169683513	104.14359650636119
15.636397582920061	104.12762196718411
15.632540179617578	104.09933082084841
15.628486183235426	104.07907182425969
15.635276764518725	104.12369124569639
15.63450143514796	104.11859213459424
15.631754913569656	104.10902385885439
15.630107960694176	104.08879630214801
15.626543459428403	104.06046831492878
15.624686675639866	104.03886919355494
15.626156437629069	104.04739999948524
15.623748825530221	104.03276871494717
15.621179136972373	104.01440408143644
15.617170049919533	103.98844451991785
15.613385765172517	103.96067102164407
15.618412904271985	103.99090897194917
15.61735600353202	103.99254455581934
15.615370870426311	103.9800573586925
15.61467126345063	103.9748082687053
15.610893810030928	103.94708544273587
15.607305475791764	103.92722036680074
15.602976402814939	103.90439336086918
15.599091792803437	103.88122436947849
15.595395720004655	103.85141158308592
15.595465766529038	103.84011150119272
15.598837233648252	103.86723381894481
15.597602094676096	103.87156042560912
15.59388992186089	103.84559057781992
15.590973998660488	103.82689283644504
15.587392996565699	103.79917759758594
15.586946366931032	103.79168551631025
15.583718556697008	103.76895203295999
15.580640927278838	103.74852816725014
15.578267292705837	103.72952524426933
15.573232828718574	103.70586593737342
15.569488592340406	103.68360709554796
15.565313813953722	103.65000332826052
15.569813189527363	103.66700214863909
15.576463010115198	103.71721474672732
15.577343485098279	103.71663833368868
15.586323850245693	103.76023366417498
15.598964595162814	103.83861048161796
15.605622436152153	103.89408183033608
15.611658024179025	103.92718605306962
15.615922331100096	103.95110492778865
15.613356537505162	103.93476237196363
15.611115422891977	103.91733238665176
15.612764696533134	103.92515311205347
15.608573865712467	103.90059034460174
15.608621686453787	103.89581026677874
15.615743864194583	103.92192254729316
15.640393095645395	104.0711493525311
15.667763761538247	104.2429992733544
15.69507121220008	104.4202537572701
15.720563405577053	104.58347054869552
15.739549084410596	104.70339163194808
15.753745792617787	104.79991145504643
15.754289491913893	104.81276344187388
15.749691266581427	104.79139529062405
15.7493326141165	104.78977417777291
15.749914172140617	104.80025461434272
15.747968436393252	104.7854710809176
15.752289103279345	104.81692851990856
15.75169269516403	104.8098272592141
15.751082474540862	104.79486030742764
15.747505476779676	104.78089469287326
15.746758370147663	104.76438575284641
15.745208999149522	104.7535498232048
15.742921699793216	104.73263514291544
15.740811169528273	104.71871664144162
15.740142960278378	104.71762034137494
15.73813254145827	104.71275086347137
15.73424602009869	104.68765200773889
15.731344961680898	104.66395607307301
15.729780657718798	104.64851676057236
15.729656961106555	104.65167309297195
15.727749245190049	104.6403840409063
15.726012464341638	104.6398677764907
15.72310712942882	104.61358406549701
15.720091498367736	104.59170939523787
15.718066012429	104.58219477119383
15.716157525519277	104.56896871513719
15.716387087500236	104.57124965662983
15.714639294966815	104.55653375931573
15.710786934376577	104.52909856524553
15.70797083437504	104.5079219332694
15.705606021611596	104.49677382134645
15.704215982035667	104.48508704377748
15.715035539789959	104.54825562933557
15.728342307069287	104.63371159729999
15.732774070954633	104.67671500145553
15.73218628177126	104.66909207566314
15.728050880271917	104.64934165150346
15.723366318340254	104.62210464240708
15.72086722097544	104.59286007190057
15.725309005204771	104.62252833711132
15.732759100079985	104.6690314399366
15.730358606875473	104.65381466111035
15.726497624549468	104.63205531114015
15.722800327227267	104.61137910568004
15.71844813753811	104.58824199403654
15.713763800418446	104.56922298465567
15.70890717908957	104.54397298226752
15.70706824076701	104.52993528677071
15.7182158443903	104.59789306387651
15.724288838830516	104.63461315641814
15.735429475055541	104.70505525701243
15.737046213910807	104.71908346353567
15.734113177725948	104.70915425112388
15.73149861332407	104.69185497462203
15.731295828875234	104.68997435736769
15.730923251165867	104.69011971909268
15.731510490011479	104.68718891567808
15.743660637444721	104.75426989030804
15.762718587829223	104.87298345552311
15.777732259566836	104.97614392156645
15.786505993179922	105.03842027661365
15.784929411084901	105.02741006516567
15.785768588278916	105.02049377322322
15.783251642320133	105.01205759112783
15.778878496964694	105.00007680878014
15.776998101056726	104.99081470480354
15.776368179626873	104.98609572056174
15.77333980595224	104.96290223727237
15.770124351229612	104.93972464685844
15.768669336828085	104.93077485439058
15.768106494137474	104.93027047992987
15.763784333953087	104.9110145034469
15.760387435857968	104.88975773932242
15.756210398497661	104.86956758376273
15.751798551657442	104.84530067015885
15.754184527823409	104.85189099307023
15.750778579770191	104.83369115410761
15.749273269486658	104.82251511614608
15.746428568976956	104.8042981636088
15.745293510849262	104.79309372840028
15.748524125174068	104.80658540726616
15.74821167444926	104.80958824062022
15.747177799912857	104.7971993004626
15.744995486384493	104.7865075023043
15.74096979911367	104.7672730451256
15.739982901677875	104.76390394985604
15.736562016124589	104.73936216935458
15.73634537545193	104.72932307875539
15.738683123560847	104.7412554126706
15.73518260861339	104.7149581328486
15.737570864940729	104.7216586762833
15.745153631758642	104.77283971447255
15.74190732077503	104.76186439372462
15.741776471428631	104.7567605840045
15.741200734425412	104.75241099738338
15.737160706453125	104.72500842465986
15.734940419197558	104.71774317338924
15.731597905667172	104.69744597604289
15.727328124582714	104.66357611034731
15.722997532940221	104.64347946021273
15.722084309272772	104.63687928393261
15.731980621091115	104.69729511363558
15.741806078415662	104.76893909496233
15.744355231760892	104.79030786109647
15.744645933245092	104.78987217215472
15.745757790339464	104.79121404791343
15.75234819158473	104.82348746146833
15.765720853021282	104.91257686960252
15.789189098903499	105.0620762394355
15.814420272453923	105.22760630902792
15.841882172669472	105.40242279408109
15.860652439190597	105.52988849756268
15.868084635814412	105.57512835705168
15.866380233562682	105.56760057098654
15.863438009419434	105.54690111402182
15.860945447966385	105.53104280230168
15.857887766055743	105.51080796011914
15.853802645793662	105.48189189920964
15.854838505904553	105.48643537673125
15.855336058327579	105.48187094037198
15.85490369473119	105.48033784730647
15.860009529244822	105.51810401225424
15.861628455633749	105.51855718412983
15.864299095959339	105.53337520701065
15.861847512922512	105.51841179228144
15.857202942854382	105.49620665517102
15.85286230155728	105.4686668292231
15.849442882978096	105.44908847353872
15.847050212022088	105.43205890541311
15.843730991994807	105.42108122743673
15.839177664301829	105.39394211925125
15.835654269351842	105.37060190002263
15.833588110605891	105.35817701345283
15.831271866037953	105.33312325524963
15.835319459342513	105.35772713242903
15.834151247396935	105.35675766375027
15.830514770464129	105.33388363887464
15.83267687443788	105.34594397936445
15.835531350644482	105.36018264577369
15.838945117557175	105.37389491025398
15.837760509045996	105.36976906660034
15.837469299355323	105.36066413093994
15.845932359566895	105.4140482234569
15.843321976537563	105.41013558237044
15.838983946778344	105.38501791365152
15.841384453936215	105.39261965125743
15.855726131334764	105.48208970482044
15.867607880946599	105.56246122755229
15.867990601777814	105.56754393048881
15.864017749180238	105.55030329843733
15.859975760504131	105.52049477571018
15.862552056317712	105.52626120764654
15.862565493595254	105.52827820476855
15.867921411506188	105.552549788659
15.871022584520922	105.57692078385305
15.869078989545761	105.56531646752583
15.870670634367643	105.56396224548206
15.873586339346982	105.5822742517469
15.872022515740836	105.5792251982362
15.874189735812553	105.58051496097774
15.880887622326098	105.62097634340694
15.881678126516142	105.63358330505922
15.87723270564102	105.60955238739771
15.878923715635574	105.61010413253597
15.878672731150008	105.61577078142506
15.876351952370932	105.59865714554314
15.873126621412572	105.58032856378794
15.870047579684769	105.55697376946526
15.868973868383373	105.54636186511424
15.866653325388793	105.53464589953656
15.863832565844183	105.511221744498
15.860734677620885	105.48895032441416
15.864072886240283	105.5106820493044
15.86383091866294	105.51517358011134
15.865714282379471	105.52483883278136
15.861905887322795	105.50381111509002
15.858081465067094	105.4820743661696
15.854307401204757	105.45649606353591
15.852073050411153	105.4483061547285
15.848162565829918	105.42717252447463
15.84478472585978	105.40481739900947
15.845066135289995	105.4032381640473
15.84414600883772	105.39901653962669
15.843239311837323	105.39785110742537
15.839188392097952	105.37398239220722
15.834492544812115	105.34285386289787
15.831474732233874	105.32585127406944
15.828284818964445	105.3130291428202
15.825029221682957	105.28555624231446
15.820631106898848	105.26763865602464
15.819132329496112	105.25835978666481
15.815573521195374	105.23596344884764
15.81313549445986	105.21394056585945
15.810247763346299	105.19483122845138
15.813078406420637	105.21376947507481
15.810857709163031	105.19320653664168
15.812836168963743	105.2111881368126
15.815434942110983	105.23152760300334
15.813666486639944	105.22398292332859
15.810456635866306	105.2015493396164
15.80748405682229	105.1754077437787
15.809860180577331	105.19602083814907
15.807211473846712	105.1820209957674
15.802950360308133	105.16315387687884
15.79993312096634	105.14082530137537
15.796813155089525	105.12308918420278
15.796300455019328	105.11274550470587
15.79885793125913	105.13630061790688
15.795292558909964	105.10974436233283
15.791326595120177	105.09280165334125
15.787184818828278	105.07233933008409
15.784281051041578	105.04843058609333
15.783120429189877	105.03787927664695
15.784199164147925	105.03290494981098
15.785794457811281	105.0360422794618
15.79016020738543	105.06286213698608
