4.238123132417124	65.20189434487875
3.874816777451258	63.695618259472624
3.5773493037111392	69.23901878150636
3.5823131284878333	66.13501160285266
4.493965495022338	75.31785745847584
5.447938429319803	86.7813201130595
5.819215980021811	89.8555408679852
5.867676981589497	88.56870915607034
6.515554178072101	98.27930883125613
6.457644178692922	99.09428407201636
6.232988018057584	95.00628387801484
6.024896014433721	91.71089070596945
5.893661096297771	90.49322155732881
5.678683543235224	87.52466378564425
5.627937046504209	86.58364686929644
5.595681306844221	85.81236508898452
5.419928639668231	83.13274003701508
5.749351457461782	86.96498002883449
5.696468702097837	86.70192684100765
5.8240274887336465	86.92578341393263
5.995125193426542	89.71327486600298
5.9629358579934	88.83832203782569
5.889913492906603	87.3048401741285
5.7696571784151995	85.56443189411212
5.762132585547979	85.57622651804128
5.8689555372706135	87.19591083945264
5.775519090031965	86.87410330410766
5.726218983878424	85.97004372579435
5.7116204081564605	86.04519056443979
5.643616372501558	85.36562580254805
5.5878649453882305	84.36224674044763
5.527029020474751	83.4924918907386
5.447678121786412	82.97232831644897
5.3586202412050845	82.19237061699334
5.315990526363593	81.72459813590143
5.2528038998949755	80.69741410934691
5.265100592992992	81.28319413383959
5.253192204454241	81.20188627903492
5.299310512675397	81.42079185595148
5.433045019533211	83.31826228039523
5.474095654920472	84.42805837684057
5.506447102755976	84.25164965967211
5.807945631264824	88.35200311713588
5.9015430149416686	89.85048188840177
5.883495108084703	89.4954185455219
5.866775236291431	89.46021907274195
5.851467988158907	89.09902660155842
5.801340223108616	88.73000447452463
5.736813961298273	88.07432400114037
5.70466754267992	87.45019227410032
5.7037915349122095	87.09382283848016
5.680433809265907	86.74964995061175
5.63808864600754	86.03225477113104
5.6309421256741325	85.97668467098663
5.575648030104068	85.61953699089528
5.5589922730480845	85.28864857280227
5.6041049578715665	86.10080393497152
5.565235472014638	85.61900726177792
5.537050100130991	85.07446768431691
5.516984980267671	84.73185123278483
5.491271449968562	84.30391571679834
5.497598776053645	84.5434784907763
5.503583308350618	84.87778419243139
5.507811094905145	84.80350683414122
5.657787063374048	86.63278188911264
5.798774345486992	89.00444344235656
5.7927492892224635	88.98300398422428
5.818391987952936	89.21097072847229
5.894365937333376	90.44727568777128
5.898559401011668	90.28407246446774
5.88006989774882	90.33212320379216
5.848689156276041	90.01188868939303
5.817665397405602	89.50254457547062
5.800719506942282	89.36569955179276
5.7847619423182906	89.17926940882184
5.814151558611106	89.50888287397774
5.821477457430418	89.86042717452177
5.814746882496488	89.78230092407787
5.806007007756652	89.52658821331676
5.776517739780954	89.2700745362575
5.749487670246146	88.7345508968179
5.738832504597403	88.37263199570873
5.717712722427046	88.40176764264754
5.691323317929499	87.90766019729193
5.6737637189472405	87.76522586182605
5.658609593942975	87.57776096208444
5.637059841407497	87.23822227145139
5.6105979357160995	87.07806319985616
5.614020917025117	87.3001505443452
5.58831245016622	87.115725262439
5.64075198696629	87.67009919968775
5.771943673670621	89.246860164358
5.9521434859370785	92.00266108460455
6.083246871867987	94.07598672155929
6.093985350228143	94.21132762764879
6.107483629811213	94.06177996720143
6.109808526713472	94.07165509391399
6.0860975306999885	93.65677435368931
6.077435483235261	93.62024577398672
6.069659926155772	93.49925431829514
6.070812134138525	93.51581477611333
6.0689986554183015	93.2754188126607
6.053263852851913	93.38285224829325
6.065830636010545	93.41259419731612
6.051448962222816	93.30427915333783
6.0291704408023135	93.07166020278864
6.040615072778424	93.11104145806735
6.056521438644206	93.39899791162222
6.105253496521034	94.34867170911515
6.149647604867557	95.00860063712835
6.154828905681814	94.99689574019243
6.13699549564006	94.69715207978724
6.108663222475418	94.34336366385968
6.0908771175966745	93.95940343801723
6.087273218711528	93.94360368859311
6.06817434165006	93.64632686901912
6.061617250600863	93.64558340508071
6.089528228711897	94.0324097259094
6.133882704948438	94.67341658752613
6.136951534621083	94.71822304250982
6.122869015028676	94.49836107389685
6.097088856449239	94.09801903702578
6.086904279559798	93.8991504665651
6.065822269158914	93.45561748310433
6.044512175244206	93.22196445481266
6.0217445877909705	92.94485317221123
6.026624926168601	92.99895086562817
6.054116041099727	93.45851496622191
6.0395481610370565	93.17540914188564
6.030774436414992	93.0196571170765
6.001457774799374	92.69298115543074
6.003452215937451	92.55857806170245
5.999333189204613	92.51145671483975
5.986850452698455	92.31737176792166
5.98569532890821	92.31556009951771
5.979197242806245	92.3358241889025
5.972145814951624	92.15513159192278
5.963384284931559	92.00078606176292
5.949741968669031	91.73756335520065
5.930654245834396	91.47538682547533
5.913139243177482	91.33678655728755
5.9082736298867715	91.24250738946925
5.9013507751810375	91.05123116561265
5.880679718853417	90.69809491440297
5.869058983494497	90.61368794421655
5.859381645583303	90.41427376339274
5.879755882865042	90.63167928530073
5.935945501254548	91.52838348901443
5.9216173800289065	91.36910489752945
5.928114658347372	91.4205481927533
5.919409841200839	91.33149380352582
5.916319273021828	91.34388313881531
5.904949385068312	91.04372750268233
5.895529098138366	90.86687050370796
5.92899350517583	91.26057530337317
5.963439702535191	91.80558489451283
5.961722975634194	91.91396142491148
5.940742649645002	91.70858218332704
5.936565474912459	91.59766234968659
5.922460823487803	91.37837336165695
5.922024493721707	91.42841075511525
5.911992836162846	91.31506494139897
5.923416873587834	91.37384388616033
5.916036998235781	91.24420699496815
5.908453431171241	91.08329020353798
5.901081082527491	90.9826123561837
5.914924272836192	91.06874802388072
5.943722589612246	91.44188599424011
5.934135713784119	91.2943955968606
5.9280245210280444	91.26920772018973
5.9200718932303085	91.10535116946302
5.944507443730784	91.44032913911963
5.971863581338873	91.91569391226182
5.978528616473238	91.90964328680978
5.990462179386758	92.14745514743181
5.9840950757212505	92.0361840950828
5.983286693410905	92.13064330010825
5.9786072160162425	92.12454922392571
5.9917815723309005	92.23410360739159
5.986366303126567	92.18987034625204
6.0007177779368925	92.3187350453103
5.984971102246459	92.07647849620648
5.9844058736986865	91.91324170272922
6.008082987513455	92.29057490219405
5.99945370064333	92.23536852798799
6.000947490315812	92.27138880131723
6.00221064474935	92.26579453919355
5.994139052287316	92.23010300081759
5.98428296709505	92.11588006917991
5.984998530981572	92.08932818641127
5.981053375216801	91.9544830696174
5.969046098707342	91.75795443983978
5.984789096687903	91.81751157893001
5.997578338710388	92.01504133742083
5.993630184258832	91.89552241637219
5.998913093792471	91.93017719973803
5.983091332209805	91.78473659546479
5.976100541431111	91.58420334404221
5.980234925931856	91.59056569487545
5.972933603893875	91.50415325779636
5.96082062068922	91.30889963878847
5.961860487322789	91.25757654266063
6.004034748040066	91.85924284795229
6.0164610864567925	91.87958040966217
6.017702282791022	91.81064013699479
6.02242998418412	91.85246125939656
6.020643599998491	91.78396159579479
6.015357640368303	91.68498211028987
6.009533426720691	91.52240608600351
6.000564550962004	91.45652998942222
5.9896473024679935	91.43727824598979
5.980240637688695	91.2422465054097
5.969101069822203	91.03235283117021
5.97792941839435	91.03013962571575
5.983253103534927	91.18011226915989
6.00669921723965	91.47687644613896
5.999779972926735	91.43993356868923
5.9914556297693675	91.24256565090886
5.99127878623984	91.10682010344368
6.017315785148923	91.38123373692068
6.026011769800532	91.55008715363843
6.012840916987297	91.38640006208246
6.010461332833289	91.36556763629756
5.99908778450316	91.2181692769293
5.984578795334005	91.0638116965754
5.97139669628354	90.95949135228935
5.962983719203433	90.8251378390779
5.955367320244618	90.75350890173418
5.946631968756228	90.68448751479487
5.93885829131797	90.54938064334327
5.939179939916717	90.46822064774994
5.941939903560369	90.45472819083685
5.932219263283077	90.44871338299959
5.918592876349311	90.37198910727457
5.934029762406699	90.44408134268033
5.962846281636598	90.77938216128102
6.0189952438618475	91.55981211797213
6.071523982657093	92.33371935298268
6.064527446856853	92.31987642043462
6.053685801930494	92.18810865895699
6.049100441144462	91.94785281093817
6.035777475757949	91.80755179983102
6.026465167979476	91.67973930434711
6.015350522614067	91.56241594008632
6.0195551815373465	91.62089580529519
6.0257787819042035	91.67233026289394
6.015648874076088	91.52234505074871
6.005070158284689	91.36548461694659
5.9910551656483975	91.30507413530842
5.992374961992275	91.31933803713613
5.992668942882542	91.3364986134087
5.989197891873983	91.30537621011943
5.985609819311044	91.24478515484027
5.973537078806686	91.09135989694803
5.981363462457906	91.25933483804086
5.97176192520314	91.08864267237018
5.961046216763292	90.99122219601614
5.954014481206343	90.8956056893107
5.955661934053511	90.86097236903085
5.9463957954546744	90.78466863280104
5.997169468829338	91.30436893034927
6.070534447396781	92.44289597299317
6.123025121184251	93.26383823559091
6.120972242923015	93.17336183706202
6.116559640631668	93.10099395534989
6.115882960444599	92.99684836933525
6.105819255215466	92.89195106203853
6.098819021048018	92.73665234820498
6.0898358060654125	92.621513295951
6.086761956230005	92.55260342658293
6.078529700727506	92.47463784951293
6.069227907734957	92.36273727522374
6.057570076052073	92.23182547452569
6.051664691797369	92.11978475271552
6.055634859391666	92.17525385588517
6.046665416608094	92.1015262130848
6.059865360326239	92.24671394796812
6.078404079229505	92.456483714504
6.071930747404302	92.34498111326818
6.080129074466615	92.36474224690859
6.070728090792492	92.30090685416003
6.075951381605158	92.36756278213251
6.087939191970219	92.5453961319441
6.089948341692165	92.53028956059096
6.085414576231009	92.41615386617967
6.072778055123287	92.28557512015263
6.0804512715354395	92.28395108019426
6.098487199148224	92.52950987885777
6.111518768302085	92.70731820669943
6.114690619834955	92.76799789416945
6.105625519202332	92.66709106828971
6.110595839584418	92.72270839178807
6.105209337998558	92.62930884752836
6.104458496439436	92.56653303257896
6.1012581800568935	92.49873215127042
6.096350340298132	92.42887318025417
6.090995207208988	92.32862758764243
6.090434973025916	92.32469463098752
6.0855939636975975	92.24024645852737
6.07584082829291	92.01946563637452
6.067216886870464	91.87049297933818
6.062468192791984	91.78036899736566
6.064205479429503	91.81915184116546
6.064342410671332	91.78790604129449
6.05877103600413	91.76916897742879
6.059188692471372	91.71960128081956
6.056742934512699	91.61209135618208
6.059344995274937	91.61896212768913
6.071053306203792	91.7711604538617
6.106555336987823	92.32051472612332
6.113431707964256	92.39967250132626
6.1078377054730515	92.26817450458346
6.103026506430107	92.23791871112306
6.0931880072753275	92.14614067806404
6.088548187327061	92.11043043328583
6.087107337849782	92.18911664298723
6.089898733591049	92.18453952464458
6.084012759900597	92.06357638092231
6.086372559034954	92.08946306692282
6.079543878115066	91.98364260006927
6.0727237276744965	91.8491118224427
6.071952778040951	91.78478027654826
6.077854213605452	91.82881005640998
6.069264164110526	91.7326196159254
6.063850593266672	91.6273433307491
6.060827985346604	91.62206924262911
6.052555688436753	91.58656687244081
6.047513474133839	91.48671317593526
6.0410639789403335	91.37277062596347
6.042855414572878	91.3347612275604
6.04873082760834	91.32415556931217
6.051564734178553	91.31669532937558
6.051343934446838	91.2910388173815
6.052740299667987	91.33116151254119
6.046315815701	91.27371227568449
6.0394670372621615	91.20957035780471
6.050482814548224	91.31270526161583
6.056989924486766	91.42286072328496
6.055821722217481	91.38997909861408
6.0829765111292	91.73705982569713
6.107494846545773	92.12573323468479
6.104414285621887	92.14549149640153
6.096689532714034	92.0474437550153
6.0921049508884915	91.95630114497332
6.097549807999474	91.98315189105745
6.099989403920458	92.0050712182438
6.093970661778558	91.9328086207409
6.083284367182186	91.86964963552629
6.0762056887549045	91.81393211270534
6.0672920104191075	91.66412389796415
6.062758919660998	91.62005083779586
6.05698069294628	91.53733970278704
6.058311079377621	91.55549672550701
6.059915878447596	91.55175564251616
6.057820585281691	91.48580435768692
6.048439615976397	91.43288761280314
6.046032399715613	91.33649340682443
6.038323128878243	91.25672328706145
6.035793536744871	91.20378308036962
6.037835276408405	91.22000557460626
6.039000765215412	91.21670611865683
6.037641284045854	91.20075713821292
6.036606716927597	91.17704181287557
6.0368281476782	91.15343386669997
6.0421835422607355	91.19491355972895
6.051510049131752	91.35924699467772
6.048194106781573	91.30757865821745
6.043865326341103	91.21568448747256
6.0494809561920935	91.30513897994697
6.044348619428202	91.25096181633116
6.039665355717446	91.18485541086254
6.040816696803882	91.20681098023086
6.038058049206991	91.18816326378698
6.031727096948326	91.12768871936863
6.023303534711247	91.017011101667
6.020483538562292	90.97261127216737
6.025329201524444	91.01365378156926
6.03958677940534	91.16660775790794
6.050221270208853	91.29530967735818
6.056571697883263	91.33529645545559
6.061577085624634	91.37935384902813
6.092732975552701	91.75730323872966
6.112694052352959	92.01474474153589
6.129085863277466	92.25461441769484
6.121794947372224	92.19210071292956
6.11589602905068	92.16224349797746
6.111025414540974	92.08177165794805
6.108609339541716	91.99665249308634
6.100725022907195	91.95409882725305
6.0950431146908945	91.89099212877453
6.09317221318971	91.85568700724097
6.083959147433505	91.75090994283644
6.083836940279401	91.712616705739
6.084538727770835	91.69864562280351
6.089640406507671	91.73360302144737
6.081326362342831	91.67130717461582
6.075370215040202	91.56299811556006
6.089915120658867	91.7347966193822
6.0983918906125565	91.90777580145961
6.101443321636594	91.94113123541895
6.102136807677635	91.92174529939733
6.114893639543868	92.06693794338891
6.1457447460845325	92.52481661157006
6.158698062372312	92.75355143298196
6.165849705794519	92.8200643353119
6.168527263771734	92.88250967039728
6.163577421559101	92.87009356067044
6.166017821305908	92.83155981853587
6.173526952277928	92.8697060064456
6.173424446745264	92.86751139816404
6.172776893352635	92.84013063524024
6.168663114827157	92.78329917739727
6.164892634180464	92.7316009922486
6.157606593471837	92.62138051442118
6.153758097503979	92.50140454421546
6.1584494172895194	92.54915856168117
6.159934573237957	92.57106314016768
6.152268177814373	92.4831490645132
6.147418604564157	92.42635232251153
6.142337395237184	92.37148795113926
6.139994883824421	92.30821971501102
6.135682436632003	92.23193973830804
6.129925184011198	92.16676609588178
6.144430384652959	92.3625082635085
6.146544785785496	92.39382930746115
6.146794344116777	92.3808216824063
6.1412003590779785	92.3125752166134
6.133153808858071	92.22895696614549
6.128187372739637	92.19682212508299
6.122148522256044	92.07311680198097
6.117504784711994	92.03483258600849
6.112662118661787	91.9346652636606
6.114166541171351	91.96204871139743
6.1112883192748315	91.90225677606993
6.120194369136019	92.02504495575016
6.115026926290461	91.95212070546
6.109482592921498	91.889309691978
6.107397392935611	91.82059695990735
6.1061880071859855	91.81241700461172
6.107572769056097	91.82227853232473
6.103481148366057	91.78636611847418
6.099205284328687	91.73193678898893
6.097118541562245	91.705189471819
6.10025579846319	91.7414556120028
6.098961843818546	91.68531120441618
6.096858520681795	91.63265038680173
6.091638629632278	91.55379548728817
6.088102782700414	91.45423203265052
6.086114941290336	91.42917332215549
6.0846621559400775	91.4579291936185
6.087526814836552	91.46500589094316
6.085186118513936	91.42950001901536
6.087599527244888	91.46542573280925
6.088073902217418	91.43187401941165
6.0908987040781835	91.46902174010346
6.0866288649989535	91.40466861315515
6.080479910797474	91.33710921112413
6.08376794841025	91.35625312685315
6.081417537288459	91.3157619415014
6.074561550738633	91.2622605195517
6.067718059882918	91.18389739029617
6.063000157465458	91.11757352417418
6.05835270813	91.04735636041717
6.068714431792414	91.13874731988297
6.095287000625737	91.52279603782186
6.091433065774746	91.51387272013821
6.088549125207511	91.48986243830869
6.082196921220112	91.44789545302167
6.076881278477336	91.38216169321421
6.071014044619723	91.27884200179112
6.065696237707149	91.23726616878827
6.056951008009156	91.15360428694268
6.049983720728012	91.0384612908419
6.049952518384367	91.01811765923219
6.04612317184502	91.0031742263665
6.044659606424801	90.99007977624036
6.041452770361635	90.9220057251188
6.042611856138167	90.94359153744355
6.038146199081449	90.84244451723517
6.061307460840695	91.14272169998867
6.084217119843353	91.51535210212052
6.087387690336513	91.51967768987417
6.087481145175761	91.46845211117166
6.083035186704455	91.42024624627156
6.077121359352177	91.35459838663328
6.076162127329185	91.32564694229754
6.080612505066804	91.36866059747607
6.081866539212798	91.39655731255894
6.082256377084894	91.43485274551625
6.081742138509941	91.4173622741077
6.079367251008603	91.39526393871498
6.076209535752915	91.34737497197803
6.081781069797204	91.43071968084332
6.085217885296922	91.48197307746777
6.0842406339676165	91.45298184534758
6.080699353980262	91.39937005598645
6.077190166947739	91.33243159855606
6.07784429051473	91.29140270444859
6.074222567873088	91.26422626655017
6.075050500460112	91.28550714401563
6.077113165922279	91.28424033917548
6.097142754157702	91.59398491500322
6.117670109232564	91.91580818234381
6.140167893987125	92.24436241916291
6.152618458086705	92.42654401557424
6.149116037537638	92.41481258309624
6.148071091232355	92.37137481843288
6.1489021747101384	92.36990551250565
6.150167527527483	92.39319016703689
6.148906909452492	92.36037278079387
6.150751613207547	92.37878145418964
6.153556354397251	92.42971406534603
6.148598674837194	92.34598770899646
6.144969838676221	92.29125831511952
6.146875874860117	92.28825836085258
6.143158366823317	92.2322792473892
6.1390312508116445	92.1790742046449
6.141120854522604	92.19245334383957
6.139823103442382	92.1195333365962
6.156984910576967	92.35921400499731
6.1783845676291795	92.65353877824055
6.181600082578117	92.69736406479623
6.189374195443639	92.78295621859192
6.196958489050269	92.84363826302253
6.220297364943946	93.11379888561557
6.2517530391241305	93.60723309325068
6.280899018276284	94.05731800006177
6.2954952476430455	94.26728243365115
6.290041904175034	94.19038027827527
6.286993934339965	94.15390746506121
6.28071005091937	94.09546798723814
6.276486983065013	94.03241551621782
6.27347759909864	93.94793426303332
6.273932442939089	93.95942576018251
6.284402381628745	94.05945654398312
6.303727064659273	94.29641490264507
6.317988019570279	94.47513528106306
6.313408408696308	94.41157390544912
6.312275873411518	94.36899119165875
6.3082042827400056	94.33917321045129
6.301036572604992	94.23250271670419
6.302462496325763	94.26735368431596
6.299628965689825	94.2341192388447
6.297360608564615	94.17908374047907
6.296277606241978	94.1332652360615
6.3000358780491945	94.2029190584082
6.305329108525123	94.23967454893688
6.300983485145974	94.1667819607448
6.298372230071194	94.15401917804469
6.295570643698272	94.10419497328154
6.291648012738272	94.054661226154
6.289026101168485	93.99907237290529
6.286340648717249	93.94684385402859
6.282350270694663	93.89627832645992
6.281041153766465	93.82678558256175
6.27651821814553	93.78931590482877
6.271240438421282	93.74881707465933
6.264617269899251	93.67965795526425
6.258847532816444	93.62311401767847
6.256746829653805	93.57548895046058
6.2557550160745805	93.5486755701145
6.252419508612475	93.49930632405706
6.249955951052604	93.45056304278607
6.253916933686829	93.46488938560935
6.250927416344322	93.44141432845579
6.250387663538856	93.4092435547005
6.251202545180317	93.43023925275462
6.245435239339782	93.35691607379616
6.2419368364903205	93.26843644860162
6.244164295940867	93.26160316230303
6.25229199269855	93.34707093287663
6.2515327145504775	93.3689902794206
6.24670606097301	93.32598399788571
6.2423663141046255	93.2577520745574
6.25842072795149	93.46182802965832
6.264777717922831	93.57365283565025
6.261206975445222	93.52504012154387
6.25757687332125	93.49565549387987
6.255670544448047	93.50802233736074
6.254235083123105	93.43495359008912
6.249483299037203	93.38062057632057
6.247614709503072	93.36530391408894
6.250392168080743	93.37150582492983
6.247020554545978	93.35363367085
6.242572516019446	93.29173385803081
6.236754928219058	93.24501563817682
6.234286433933735	93.22841720578626
6.230676541229145	93.20257298049215
6.231039671487223	93.16506261221546
6.242371534562876	93.37049576332247
6.241738005455162	93.38116178928212
6.251304861260459	93.48926305064181
6.251610578353628	93.50216670621413
6.248611936199533	93.43032782578712
6.2441152112720575	93.37532486144795
6.238625435002201	93.31321965658846
6.232963132899135	93.26012507090493
6.236345503352872	93.272228703473
6.247306712980568	93.41329807940765
6.2444717083776755	93.37139952673947
6.240422506602554	93.31134333506135
6.239445888874265	93.30109108044627
6.241948777581085	93.30043659210205
6.240463356096745	93.24800726639258
6.2376517490062815	93.2065856367741
6.235081547372197	93.14962817860645
6.236722241832817	93.1632927466317
6.2522135402534404	93.35328665123942
6.2990750966461775	94.02680012634258
6.322024655829616	94.38937031931945
6.328557824474227	94.51842656353521
6.324215502029495	94.45423949904237
6.322789866964417	94.39911155030963
6.3171043343565145	94.36083350564202
6.312947199415476	94.32992575638302
6.309698221496459	94.27815583097673
6.305076227471691	94.22109632989056
6.3112321165298875	94.27946453872114
6.313171607826701	94.32044471281283
6.308819144989757	94.26359488708684
6.309333648162687	94.24919685975057
6.311817304690459	94.28314993902922
6.306420206292412	94.21822034697071
6.303820371790215	94.20253640807731
6.303638678824604	94.20789512709227
6.299558978667107	94.15122169256922
6.301252782369619	94.1695982480662
6.303281065380491	94.22662482772054
6.298677180383659	94.18069603205105
6.308610963453284	94.28494955545811
6.311993845486415	94.34350058720887
6.316669208417576	94.3953089185818
6.328702884292323	94.56081495855686
6.353965889501415	94.89413938765335
6.378749696696128	95.23133363720018
6.385222533928403	95.37345071758708
6.382975339538158	95.3218917187123
6.381660539546321	95.31035287440402
6.3763520786126096	95.25769119878808
6.3755487500755335	95.22776926402622
6.378082198993195	95.26993994529857
6.375469777654307	95.22046288737339
6.373235515653353	95.18773032074665
6.372301787003787	95.1633844968662
6.367995013461863	95.12174116797667
6.3649348314234855	95.08763694851402
6.363705724877247	95.07352841627129
6.366554539003143	95.0874464018402
6.361536672906931	95.04594177177596
6.3627369771750635	95.04260680493695
6.364965526599497	95.05832892338636
6.366569403519809	95.1155986493431
6.361676571221354	95.05033293589753
6.361030250167743	95.00868872316252
6.358581168422017	94.97994675638104
6.3530687537724555	94.90901664173272
6.350644917654225	94.8769888012962
6.347957417814915	94.81230236937112
6.3446724594074135	94.76385337604941
6.348249223141712	94.80001102417013
6.34524779352664	94.79152007255279
6.343766842326158	94.74859704234021
6.339267137593762	94.70333736304927
6.333467657387089	94.66342204732041
6.329137861323734	94.6204805963023
6.334816768307004	94.70231128261636
6.342156989270147	94.82314891753191
6.344431724596053	94.83993119462896
6.347018196685372	94.87908178620272
6.3537401007166245	94.96239433614065
6.351945202543621	94.93960270706043
6.347138981843456	94.89993093244252
6.343835793383728	94.84046254519929
6.339028818906569	94.79359739463199
6.33466824050657	94.74981118217107
6.329829870396572	94.69530080443957
6.3268943186362065	94.67616401566262
6.326274568670407	94.6428543140903
6.325392487512259	94.61612936497644
6.324127012945902	94.60452523472425
6.3197865775466315	94.55728131956748
6.317789149695515	94.52428958045499
6.31489015718716	94.5054225755505
6.312317473389377	94.47068379582797
6.307612323443749	94.42464632705747
6.305383454788864	94.39155591797191
6.30956177236629	94.42351737373484
6.311581805961803	94.43352553376947
6.317052392920816	94.48836598912855
6.312323017174461	94.46579413992467
6.310286709593202	94.43904522156124
6.3043681689292494	94.3882036534082
6.298841411279415	94.31929770916554
6.296342390452719	94.27533158460396
6.293021754426065	94.22585535289141
6.294815071537282	94.24281267192738
6.292939298053463	94.2318538539357
6.295380060797556	94.22146985372544
6.304744809992024	94.35182777149565
6.313373743498201	94.46444503935707
6.309249455433606	94.44338817485787
6.305412542767127	94.41307369358294
6.301448395288918	94.37405670794756
6.298826317933277	94.32830733471218
6.293996801824411	94.31296351838641
6.2911120222422925	94.24653602368188
6.287517310825968	94.22280154145838
6.284531100203329	94.1815004353465
6.280398607758731	94.13959012391115
6.279263477039633	94.12929274395053
6.280671888865635	94.13395031316966
6.280105475704794	94.13877887619417
6.277007033644266	94.12210336358264
6.272506703353973	94.07771843604813
6.272898105259737	94.05072125004351
6.27252102039279	94.04512722351679
6.26952303483581	93.96748805214702
6.268846920565735	93.94438561783768
6.266816241334054	93.89124562361592
6.263724806146179	93.84508275767425
6.264193850390421	93.87502198551815
6.258738494695102	93.81610781573919
6.25549660506723	93.75464439095549
6.250111400415374	93.70637096410427
6.246493798074705	93.65865166608373
6.241940321196847	93.60009652266811
6.243983435854602	93.62755499125429
6.244563863199628	93.65237752532958
6.244991843971419	93.62671576809659
6.242217133259438	93.60440632514101
6.245618979422922	93.64265150096858
6.255970850330628	93.76910782358311
6.265494018804216	93.92795001013486
6.2646199911890585	93.9309084874545
6.262652456659102	93.89507490836229
6.265753720620541	93.92568800697752
6.27207736673836	94.00144421432488
6.275502474479305	94.04333611994808
6.272079431414946	94.00486816735832
6.272636056731993	93.97524663111285
6.27501848147248	94.02376708122365
6.271074434601899	93.96164433931192
6.2679247231215625	93.91459152134624
6.26540057200732	93.88006227552314
6.264737521651001	93.86082360123957
6.261270050018195	93.83414719760704
6.258244118874004	93.79518522123213
6.261578496164371	93.82333163197478
6.258944202138693	93.80275876757572
6.255538001550016	93.77368002463008
6.263595749158632	93.85083777928374
6.269061364702997	93.94846843748243
6.272584666390583	93.9826806471915
6.272756541426133	93.97294719197575
6.268833951318738	93.92987066821007
6.26807556991808	93.89383040450491
6.267344669106498	93.87066607337694
6.266428935007491	93.8447719585782
6.26606747313141	93.81179325500179
6.263448035820176	93.7912880698845
6.258396660771692	93.7496773490857
6.254343478033831	93.72597719122673
6.252092540528141	93.70156370788756
6.259988684652083	93.79547666248686
6.2643797465160285	93.8460884368771
6.263890564125536	93.86645266511442
6.260570326780882	93.82598314236519
6.267870595252481	93.9477204651729
6.2635277296081036	93.90407117270853
6.260321006908206	93.8743364220198
6.263993122160422	93.92335078068069
6.260929681655248	93.88050333482883
6.265752620372581	93.91035919534619
6.291318499785264	94.24496988064128
6.306722825256909	94.46980361786714
6.314441518855956	94.54605001120693
6.314613499080286	94.53062787364347
6.314084339483007	94.51082439688044
6.314634080391315	94.54050319180054
6.315407362114192	94.51904846300589
6.312101851920964	94.46984758160815
6.308160019077016	94.42618219561507
6.303189417869438	94.37909193287572
6.300870126267157	94.34157645122954
6.296469292666916	94.27889867801511
6.293356935075436	94.25944455023487
6.291833303279003	94.22484811073457
6.29204539953419	94.22523327216923
6.288820151060894	94.19798954217009
6.283936706830136	94.16071820580925
6.281811680260752	94.1171141022718
6.27855528583508	94.07736242016695
6.278361017360138	94.0627297696257
6.287646186844347	94.19309592079821
6.284253170474013	94.15128972549985
6.2841984938401545	94.13584670907441
6.282311109117271	94.11068142163231
6.280936883525029	94.10202702903592
6.2772457297821065	94.07626618792806
6.276386415834678	94.04293677429895
6.2792689103759685	94.06865865441578
6.280446000988918	94.0835133442642
6.276765181224643	94.04314657089058
6.273804790296219	94.01936721964704
6.271516235754697	93.98226371602517
6.26949788392884	93.95795272946664
6.266572819107756	93.92875677852007
6.265749459128015	93.88457233023375
6.2690171361980065	93.92206296099826
6.269061294327549	93.89681302413668
6.266641788136225	93.86363450215714
6.271799191536148	93.9266127528966
6.2682453275457455	93.87645668655671
6.26506535761749	93.82901231547528
6.261425133912569	93.78903664901678
6.257087365479811	93.75577579492453
6.255395232682509	93.70190200237394
6.254053077785788	93.67337800731184
6.252206343643829	93.6515941361149
6.247803867167918	93.62856759209066
6.2444779797407435	93.57314065618692
6.2403055107091925	93.50788958649115
6.238819987514646	93.50277133064391
6.235269714064085	93.48083047583123
6.236806465288428	93.47561692811814
6.236507579934455	93.48253808129567
6.23793123879231	93.47854193813934
6.240911357306109	93.4979271515586
6.241992967482608	93.51990427396797
6.24436604577119	93.5527764969641
6.246443940018797	93.58404292229277
6.246866741674825	93.60174923187002
6.244661893220898	93.56602854565307
6.242521680119514	93.54528939283087
6.245538148208295	93.56821303825188
6.243375081860293	93.54153173699552
6.243448377719578	93.55113304852159
6.2406672482123575	93.52072878994143
6.237441806909113	93.47528223511448
6.234097569548592	93.46139493772394
6.235191904592422	93.47508348503897
6.237431091484419	93.48929530016811
6.236743344286428	93.484613072143
6.234849675457393	93.4756750338955
6.233399766069695	93.44846628723127
6.23213318637821	93.40747055770987
6.228823189221212	93.3909999921973
6.224944588847827	93.34389811039098
6.222412058550206	93.32793636033922
6.218526943253233	93.2779041480457
6.220586264907684	93.28139050908025
6.224420871191868	93.35261696732532
6.221701890149116	93.3419425269046
6.217752158860756	93.29359315338804
6.214927940146598	93.24845816978835
6.215392324785741	93.25267287915375
6.212998191647169	93.21672706989125
6.21163892267412	93.2017405242831
6.208330101700874	93.16833608249893
6.206234908609868	93.15038869201959
6.206674075066635	93.14879516510467
6.203353648712613	93.1124156805547
6.201370403695971	93.08257515210603
6.205636633387553	93.12766415965729
6.202726797137905	93.10279109520265
6.200347482507924	93.07507228008237
6.198700282765899	93.05026510876779
6.198756238631448	93.02689246063984
6.198957679869111	93.04325333253261
6.196012164359224	92.98293323871074
6.1944161446807495	92.94558779148515
6.191775599181824	92.89527696129228
6.1885917504562675	92.85546716882929
6.18825536480937	92.83179658664481
6.185163309333153	92.78540267359003
6.1854227758378855	92.78663767763412
6.1848429823780116	92.77000020787985
6.182886745072223	92.7617901423532
6.1808879128703875	92.73969516949498
6.179112264439895	92.70511964225601
6.182374900589025	92.74615087968184
6.186017021794135	92.80077695554583
6.183212114887834	92.77444855331598
6.179789013272413	92.75191976542438
6.179020282634829	92.75342822504898
6.180852157029674	92.78084956886687
6.179475561133617	92.76272511772083
6.178842177196508	92.76097807756577
6.175342433048204	92.71356827722587
6.173656006896488	92.70379359000351
6.1720207502485085	92.68433407445971
6.17256965465006	92.68205810601884
6.170430427521433	92.64723617833786
6.1692969510233215	92.5990117942993
6.17072083857774	92.62808437073365
6.168749340714831	92.61393111976159
6.168331118899032	92.59464502705659
6.167385891503682	92.57264091550361
6.165479578573102	92.56198849521832
6.1651416062238535	92.52852883050016
6.179073020224544	92.72983579077282
6.1806387856952165	92.77643841967617
6.177706270159067	92.74519263878504
6.176316330714933	92.72680407841719
6.1730417657757375	92.71343914315177
6.169346914854467	92.66805700142432
6.166608274329682	92.60377556942345
6.163992824898304	92.58480028059546
6.1605705629777505	92.53071119780581
6.1584041624310535	92.51076217176144
6.166334053664003	92.62973572146579
6.170030070361685	92.66475791056918
6.169745163200238	92.65781336670474
6.172385390395445	92.66181626235038
6.171313856892818	92.65071394103957
6.170404775623372	92.6293863770754
6.168145481602329	92.61055106944936
6.166860602350011	92.58611551083537
6.164772789476858	92.55215955362215
6.166468706582612	92.56494509553
6.172058769905087	92.6185927009453
6.172257816287161	92.62405121341969
6.169989796276942	92.60251901525737
6.169472916504348	92.58467869084454
6.168590519002835	92.56638469698623
6.165724135790075	92.54582693475304
6.166569004688463	92.53596871392891
6.164772320290192	92.51395380187574
6.16599696157349	92.53228620043339
6.163555427501682	92.50555228786858
6.160627882935654	92.47646616420951
6.158866490636587	92.45988191712505
6.15461004059713	92.41076900197838
6.164988988479663	92.52932211480378
6.170714960074242	92.6077711291025
6.168893717108288	92.56307340761376
6.166470290284494	92.53408773990652
6.163779007778086	92.49119675677534
6.162477463524351	92.46916672268235
6.159633932354322	92.42892400989929
6.158410183436349	92.40806839634452
6.155715069785187	92.37740374969935
6.15639256160578	92.37282641657484
6.157867433767704	92.3826909591417
6.158133577642716	92.38422379940965
6.157015128897067	92.36743193165509
6.154072613900629	92.33790327684254
6.15233900179213	92.32647611519764
6.151466115528089	92.32549966130098
6.149435057077662	92.32169996312788
6.145068542521016	92.29005633476606
6.142966460735676	92.2704965377363
6.140325591648706	92.245236016743
6.13799895361482	92.21981733983893
6.1380619556396105	92.21335309890935
6.1365028646469355	92.20668630824316
6.14105638122484	92.23873431347869
6.149893902449534	92.34721427124624
6.160365482988341	92.47298076985513
6.162243091537301	92.52761973590393
6.162294905224307	92.51866273466551
6.162917263411961	92.52310568865842
6.1632807020935125	92.50684719574224
6.163764315787731	92.50924490724195
6.161848329246872	92.49242170998095
6.159618209084905	92.45887949577045
6.158433976709816	92.4386452444774
6.155015866712314	92.40160296158518
6.152637883053897	92.39206718493891
6.156690616427183	92.4027525594724
6.16469124862855	92.50609456363833
6.163909838604564	92.4800549986763
6.1625431890681535	92.48091907230578
6.163463963839389	92.47332136378398
6.164197594551189	92.4795628135485
6.1645854046152015	92.46404418106982
6.1627896412820595	92.43947922757923
6.1591171840024215	92.41038004471133
6.1559778882542435	92.37741190305937
6.1544093628196865	92.33498431585545
6.154751818212163	92.33774934784769
6.15340069057758	92.30571024114012
6.154944992796845	92.32887117129825
6.1536190578058445	92.32305071377662
6.153384400542197	92.3077945192656
6.1553234069949365	92.32751014263404
6.156037042563222	92.33821677693008
6.155397138309061	92.3052648185963
6.164325559184948	92.42049538339533
6.163598287016313	92.41663425010125
6.1591275143369195	92.37992129717868
6.156767681125186	92.34220652570168
6.154521138602152	92.29922710269678
6.153383183886054	92.31003448096952
6.151376716279526	92.28224398985267
6.149132602626971	92.25783041574567
6.146697834719142	92.21202870704388
6.149941990588616	92.23295674438805
6.159809922132722	92.39252458077628
6.15559769609442	92.36167394283761
6.153235050636146	92.3215830971353
6.151613402528542	92.30183631754736
6.148736726688146	92.27475030769247
6.149968359334721	92.29089082855974
6.148076292779342	92.26704839527933
6.149782889233832	92.25132839409173
6.150203770933794	92.2461861920381
6.146710041669726	92.21437300141619
6.142875404661957	92.17510459426965
6.139767631317653	92.12615902525927
6.1393361754519455	92.12649228179806
6.136904591987108	92.0899680759559
6.13803848397734	92.09557852652888
6.146157945224215	92.1878234268816
6.157661450246089	92.35354816313227
6.16719845045809	92.47839459241503
6.168232380967893	92.5143889205058
6.1690502742990025	92.51984942466636
6.1663294073373125	92.4767906107184
6.164418446278539	92.45268071102686
6.1717655893155685	92.55155565301482
6.171496125027664	92.53396150919325
6.171096946032386	92.50767609662353
6.170049788718227	92.51009298086551
6.173065890993815	92.53730617031874
6.172830252545959	92.54509883947598
6.170919267316213	92.51424389313354
6.170568638738407	92.52477783772524
6.171744889199574	92.5379530946073
6.170050191350483	92.51706947096196
6.168833151092376	92.47419636626127
6.167331424493652	92.44950294208344
6.16405268693766	92.4227654485031
6.16270003349824	92.41815568662537
6.161763529777507	92.3952081895562
6.159387396873801	92.36406460151609
6.163414983063538	92.4022168189863
6.161283377988979	92.36585999843635
6.160726037113557	92.36199825636024
6.158754866526044	92.31474986001903
6.16122095460632	92.34734613681668
6.1616102856871136	92.36653600379111
6.159088578268577	92.32657753237622
6.157557864387097	92.29485406474205
6.164280749786095	92.37802122614774
6.166601998905866	92.41288986070333
6.16356085674631	92.38723288403864
6.162680945927064	92.37190481182594
6.163162041796499	92.37038192794442
6.164869819932598	92.37846934118
6.172014278743944	92.47462944616453
6.173836763825991	92.49544908241471
6.173359697274426	92.47963619908286
6.173323921830856	92.46607252609634
6.174105464546977	92.46915317676653
6.1727077012053675	92.45272437991244
6.170933075424025	92.44592423091429
6.167771221901122	92.41611602768616
6.167006802594786	92.41129453909289
6.1649431782663795	92.38699013550927
6.168547160353401	92.43237741881761
6.168536287793681	92.43013104204988
6.165540333381128	92.3918430670654
6.164267555022916	92.3771926552589
6.1619464022055555	92.36415085610219
6.160162739118113	92.34613246919513
6.156597417109031	92.30138322382552
6.159710486502968	92.32865850465518
6.164424858411328	92.39290798176737
6.1698228041441165	92.45661360912199
6.169510065945435	92.47141950326711
6.167828439715729	92.42258998254796
6.16612115358812	92.40784931362678
6.16654743444852	92.42291351887968
6.166990184861026	92.42961936149362
6.166085564087112	92.40111508667621
6.1650700460208165	92.38812327485024
6.167079792757385	92.40975813616555
6.165522307088966	92.37154359004458
6.163739394825308	92.34707007591486
6.164417176809022	92.36159257290228
6.164366370511467	92.33961669039739
6.166107031582014	92.36154881452713
6.1645828867022985	92.3388385689244
6.161693292131841	92.30629448568523
6.15988505573444	92.27082993798969
6.1579034376604795	92.24126371213697
6.155721886306044	92.21081822346152
6.160992703140328	92.27084973438355
6.165251411813817	92.32419168139805
6.163140554071911	92.32017864227295
6.162431607233197	92.3075647339518
6.1601443527202955	92.27552915697721
6.160383342562342	92.2623808076045
6.168390424909203	92.37821994857144
6.166855678375753	92.35326670021418
6.165958328039601	92.33576255308668
6.1648135476478645	92.32295617690662
6.165058705362033	92.31208752236664
6.169885469745575	92.38870156175894
6.1692470193450735	92.38138005181963
6.166927151979515	92.34887513929925
6.164256721565155	92.33618746390746
6.1633703893889225	92.31050141181629
6.170427659581587	92.3975412934569
6.170604721651709	92.3815745806062
6.173589787688793	92.42850818192063
6.176198529731196	92.45106688660672
6.175606734736988	92.44030147109089
6.174071478679845	92.4091872441532
6.1731435964932935	92.38925732868265
6.171197341994401	92.36031553555947
6.168909908621789	92.33454449009635
6.167534151676348	92.31413084398842
6.169956201734428	92.33610046189085
6.178703193121698	92.48372992279677
6.180276208950375	92.51984889586804
6.176978861151698	92.47065143239993
6.175163390792447	92.44363755164873
6.17607328014697	92.43683031328075
6.1780801067368945	92.46704821553821
6.1767376364201105	92.45124790008366
6.176089710358573	92.44583465078732
6.173200731184889	92.402764911078
6.172401281274082	92.40121678453667
6.169952254139483	92.36062534026809
6.1672391543581	92.33653166532496
6.168451648489177	92.3487087322072
6.167616759110403	92.3506541241596
6.168213433182924	92.34749608393014
6.167505973263618	92.33502224752115
6.1659852660751975	92.33887182331519
6.163979308619544	92.310998038396
6.162425162332282	92.28176072735488
6.162943597276485	92.28560160298824
6.161071917082492	92.25568704574304
6.158584965218476	92.22871017301135
6.1564675082575055	92.19308743287371
6.1560552817007705	92.18906934296587
6.15547989312203	92.18058559077387
6.153967972276948	92.14195205465383
6.152678607103163	92.12681937801763
6.153709763737271	92.15246213505972
6.151511443293634	92.11565632534888
6.1527582592079915	92.13446366532834
6.151596102233014	92.1131855370691
6.153486887521614	92.13361926635265
6.152350883034341	92.12877273360535
6.150394562195485	92.11361932494505
6.147812880727052	92.07907459833113
6.145776550230308	92.06866278133568
6.146495870062025	92.07954106839034
6.1562484235336	92.2037813241566
6.167755411262398	92.38423931816833
6.169041154035882	92.41160174039936
6.167197166293934	92.37411092271775
6.164165757125036	92.35073956637257
6.163171796733902	92.3379356188093
6.160354346800803	92.30377308654687
6.159973493682542	92.2961670445973
6.158531384069044	92.2905292594282
6.161083118155539	92.3189226059222
6.160188957331045	92.31948486692865
6.160100698233561	92.31625276485374
6.157470807238792	92.28878560407617
6.156092457028583	92.27016631455028
6.155817003181938	92.26807375751419
6.153924152296409	92.22792596156842
6.15034458485949	92.20784224914297
6.1500624871742735	92.1997152427553
6.1488417329476075	92.17359081567008
6.148993036481533	92.17197951950936
6.147539679264248	92.16202501242473
6.145717633155389	92.13671386087906
6.1454004091796035	92.12612248951454
6.144021926691225	92.11920425488154
6.142191243950056	92.09765714977222
6.139274795728221	92.0676290675135
6.143766783222441	92.12524636284626
6.145403249844254	92.1595708807817
6.1450332193459625	92.14818934245535
6.146803838485265	92.16307150556472
6.144901587421024	92.1559962541625
6.1417349519946765	92.12018896301481
6.142800306585516	92.12839913795203
6.142732165169444	92.14292478098024
6.139845690318795	92.10350486748462
6.136186252876978	92.06410492746463
6.134328085434377	92.03814368850902
6.133296304086972	92.03618169163087
6.13450626790619	92.04850871395148
6.134631131820129	92.05808194356959
6.1338214843718495	92.03046487948316
6.132118479525913	92.0164567612517
6.134968234655606	92.03222496063204
6.136029641862046	92.05198960926897
6.133741500390018	92.01380954014647
6.132631843359973	92.00099697320833
6.131941370771219	91.98295638060031
6.1307660005743205	91.97681947763134
6.1291040215477315	91.94995852584701
6.126694279436047	91.91570798536172
6.12544648517217	91.90079552986052
6.1252079816907505	91.90101864920845
6.1249812517466244	91.89759784505962
6.123146989629439	91.87577318111437
6.122935880240547	91.8573563778657
6.120866618163688	91.81679963570141
6.120207311881631	91.78792557091734
6.1192669485982725	91.77952287254494
6.11670634038389	91.74112554206262
6.113963880701827	91.70567497247752
6.112699718062394	91.68671643333518
6.110794154464048	91.66757546969355
6.109526335006959	91.6579827584049
6.110511009304089	91.66143411256515
6.117168559786329	91.76129837542376
6.118277495549366	91.77039517495467
6.116170213184947	91.75572567601483
6.115526006865268	91.74417012303746
6.114454899928343	91.73748509372025
6.117615065006492	91.7811251175474
6.122590089992385	91.82383518619737
6.129949819276218	91.91545484144771
6.133686563563223	91.97338931695784
6.132208048103255	91.95686875932512
6.130208130858564	91.92128288636862
6.128233192568007	91.90291702234171
6.125820961134826	91.86115379425036
6.1255046826318775	91.83217453265472
6.1267021542924125	91.84084695359874
6.127351016688473	91.85434742410969
6.12480866962252	91.82744515491058
6.126943622703816	91.83717422823605
6.137293230418322	91.9756149995603
6.1497909994784665	92.15925404915974
6.155101855433816	92.24636223611647
6.154975586282671	92.23522969274231
6.152785549608339	92.22479186814508
6.1516828067444695	92.19160052608875
6.150703464353762	92.17142568550484
6.151030810202635	92.17825647339896
6.148876627389177	92.14789592497785
6.147218910193083	92.12497127706442
6.145363361673646	92.11755891666657
6.143397320945214	92.07336989336582
6.141648773697669	92.05460179433345
6.145161767377814	92.09072250266047
6.152531174901489	92.21413724716187
6.154034181167426	92.22566510333016
6.158779842334958	92.2894819234131
6.158580968333942	92.28657537049789
6.161415217363239	92.30336283124768
6.165589623965035	92.36599301099398
6.165786505611813	92.3580115105633
6.165247148252384	92.3463637071756
6.163882345341461	92.33886313950345
6.162691640792414	92.31928810342518
6.160887104335194	92.29418182486523
6.16020050140928	92.28033326665044
6.158971510707878	92.26750049307061
6.161034149283399	92.30031968280106
6.160457817094558	92.28630320012431
6.15882898397175	92.26564280445747
6.156558656876022	92.24993130773554
6.15725818088446	92.24957227025982
6.156180151728802	92.22260180580712
6.155598667001265	92.20853857622386
6.156354950911156	92.20726767463513
6.156084589739209	92.21601480784234
6.154944362510485	92.20265524858559
6.154298793152344	92.16413552634343
6.15290911136155	92.12899137732772
6.162388210324085	92.24394994444458
6.16685810072851	92.3110094111115
6.168567456017203	92.32952579129127
6.165796820434301	92.30263615537746
6.163517514484869	92.27946793984637
6.160951020753199	92.25557706149861
6.158060612155643	92.23220059771103
6.156568008339024	92.21354713317282
6.154635612219784	92.19907127662832
6.155000295309351	92.18130792358042
6.157132909661641	92.19543622038223
6.155769804213795	92.18589307322534
6.1566492878631704	92.20991867779529
6.154711631731285	92.18637032196693
6.153796521149283	92.16740864918923
6.152494181369294	92.14087370368016
6.151175014281152	92.11944858066909
6.1489134595161135	92.09637770365195
6.1464676417959785	92.06696647293332
6.14433419747892	92.04577346345941
6.144364570079258	92.04276856918112
6.143681881544809	92.0326364867984
6.141831966321718	92.00501911004817
6.1386369235675025	91.98026905982346
6.136153794935621	91.95021502837513
6.13372788055749	91.91746798821353
6.135056263081055	91.93391003532119
6.134647522059691	91.9190328745823
6.134994222198738	91.9154901292719
6.135373969980085	91.92831020105922
6.13508576689304	91.91702929726829
6.133972761212094	91.89340435422639
6.133643704610138	91.8780242941361
6.131950996191417	91.85627452074286
6.130631809637656	91.83310131597817
6.131191160767363	91.82406349141394
6.131144894097808	91.80598732575423
6.129683483239072	91.77549208845394
6.127805100291888	91.74400758646249
6.125547199304628	91.73997345273837
6.12386910361201	91.70449782033728
6.121197275367484	91.66982348317993
6.119900371317209	91.6505136677076
6.1187610753329205	91.63877414925909
6.117713303238446	91.62666060895631
6.115953303119191	91.61254223751399
6.1164493891144	91.62353494607405
6.114712909149981	91.5958847094058
6.114690035179537	91.59563634705015
6.114271726575428	91.58255144705619
6.113800059140185	91.58076606878382
6.117674823025174	91.61301017648273
6.118024420424806	91.61663552574872
6.116669455095675	91.59990633519459
6.116392520330666	91.59587197498514
6.117931995412669	91.60699615273647
6.12316814221867	91.67348037506164
6.124662933203819	91.68739583951454
6.123153168523537	91.6803869135269
6.129412682749291	91.76392684163059
6.134099165947572	91.83593902981761
6.1318371031478165	91.81936587965016
6.132240123261083	91.8135131927566
6.130489750620692	91.79428610356233
6.13043952474049	91.77140394049914
6.1286176942881445	91.75281768888965
6.126715410065092	91.7295938498925
6.124564086722643	91.70263066834781
6.125575647642656	91.7213112325061
6.126527268852401	91.74079523701158
6.1298502424468335	91.78896692027475
6.129654861723299	91.79467550203239
6.127635622182573	91.76965282357065
6.125514540939422	91.75499679421199
6.12647542668621	91.76948467741764
6.125103409674738	91.74732955476853
6.1242522390204	91.74655188054432
6.1227920119840755	91.71289831001202
6.123219437542157	91.71262200452729
6.122630355817835	91.69882336612592
6.124209049836277	91.7174986570066
6.123891214049073	91.71960423511955
6.122421329069637	91.69769142174474
6.120137621194717	91.67708082683707
6.118559964282568	91.66196582016157
6.1193474839862265	91.65869316525163
6.118668787460222	91.67386538853295
6.116390050537843	91.65157287427417
6.1170261878328445	91.65277132398104
6.114720300470425	91.6334065420051
6.114112424193197	91.61932817099569
6.112655450887033	91.59756315728794
6.111729332415054	91.5837528284207
6.111565580295765	91.57132842069008
6.112526941952096	91.5774488751635
6.115407455886326	91.62068515637458
6.113182988498235	91.58576952775589
6.110655054011752	91.5579834166421
6.113283237920731	91.58910132830844
6.114055654815894	91.60075380242552
6.114115419488968	91.6017292179935
6.112348979043394	91.58366008312443
6.111410863819774	91.56801584864142
6.110173768006211	91.55453612254017
6.1092234735222455	91.52875671446165
6.109253212885366	91.5193385805067
6.108001849237263	91.51723664173892
6.10635010257954	91.50414495194774
6.104365495997812	91.4678593649363
6.108193473653996	91.49720096312686
6.122099071910161	91.68243587779396
6.135236466717551	91.88590822851323
6.1415618936506435	91.9890288518568
6.14076637428503	91.98548809839502
6.140291526446255	91.97184862102536
6.138206846673822	91.948981506685
6.139329017136898	91.94771397448184
6.1385240329132	91.9407095445571
6.139602318874507	91.9553091027167
6.137499705032695	91.93380145424305
6.137818507895431	91.91068660110147
6.1430381309130775	91.99060571237631
6.152343114444167	92.11523502109078
6.152612338888445	92.11938735986172
6.154094500467001	92.14005546012845
6.159765053907706	92.2267232642832
6.165873042820727	92.30513368333847
6.16563708922818	92.29515692896244
6.163592674506253	92.2712562142709
6.164861809197549	92.27725726146126
6.163369759291237	92.27145826979053
6.161791683428251	92.26270673687462
6.161570816921256	92.25624119300676
6.160984324162081	92.25412335680504
6.1600020007849805	92.24116295488723
6.158170586100887	92.22692011626216
6.157048758346117	92.20859001106996
6.15483525263355	92.18695973390784
6.156594281071163	92.19710241788442
6.161952231552976	92.27418708939398
6.161364360662673	92.25572305011694
6.160138557388345	92.24887352078564
6.158491143466503	92.22918819786494
6.159479161939569	92.23759020067531
6.157703101092812	92.21434880328616
6.156149981569058	92.19606146806568
6.161072309176477	92.24231830140893
6.161876188402562	92.24313724059823
6.166539366920079	92.32279406225103
6.166252430150004	92.30729069924223
6.1681585358128235	92.32463216355585
6.167632614661777	92.31528256010981
6.169252036171403	92.331584842873
6.172653025360519	92.36971337496567
6.1734933836124855	92.38082909047304
6.175895828506729	92.40887025784733
6.180047326554548	92.46308623554755
6.17838825316231	92.44004032939482
6.177440885844787	92.43085887685659
6.176266379360654	92.40701329751039
6.173992605704805	92.39243826676642
6.171788661391483	92.36924051623862
6.169811405988199	92.35262604185233
6.167530743891813	92.32824043050721
6.165446763914802	92.30197577910712
6.164283836236648	92.29429238016125
6.162708572422812	92.26762678916202
6.161633664245866	92.2580435418726
6.159568992887791	92.23682184961133
6.158866594843116	92.23119775128283
6.1563948607196295	92.20703765961727
6.157297887999058	92.22065868104534
6.155878262943595	92.2138192116784
6.15378899108743	92.18578925814981
6.154352382649462	92.1879543143963
6.154079587254609	92.18554408846154
6.15237837547913	92.17760533958688
6.151037173731444	92.15917124641467
6.150287654070252	92.14326060878133
6.148377385318378	92.12263306174131
6.150431012388542	92.13764944409796
6.149382258513891	92.1188584149701
6.148500392915483	92.11520885262046
6.146390790659332	92.10420016712122
6.144402773156471	92.08393658136298
6.142183339635037	92.0586110515628
6.140097520587656	92.04314780367888
6.138346744404751	92.02795889051792
6.135817894289853	92.01209410998962
6.134762314580815	91.99156732969256
6.1351263191508325	91.99547557036354
6.134174691072798	91.98907367771704
6.134121439779984	91.97731442123246
6.1330624304004235	91.96929232124567
6.133231556598895	91.97497838056776
6.133920563064132	91.97593753790231
6.136740317684835	92.01824110999411
6.136131874481594	92.01070323753551
6.13524151937257	91.9973736854644
6.1355460085616755	92.0113272906264
6.135178677508659	92.01207431859842
6.13491557357771	92.01905467151684
6.13335511885039	91.99876854101943
6.131990465776114	91.98297083439584
6.130407055886569	91.95921677567767
6.129825124357417	91.95203975083783
6.127633534308181	91.94090496682203
6.127104275533969	91.92828925494119
6.12605852243104	91.92809569170974
6.12390877021085	91.90666099767999
6.1217241962785565	91.88468400441982
6.121503986852321	91.86741089806807
6.121382171491099	91.87637775641532
6.118916888198774	91.85015474866886
6.1193452769031165	91.8364676983542
6.118080371521965	91.81899585194245
6.116784436735439	91.80259685063912
6.115575986672798	91.7859658061852
6.113934372688798	91.77821833812912
6.113914783968886	91.77018873384746
6.113687141600033	91.75597558700233
6.111887370445161	91.73506971603436
6.1117013252383625	91.72303682870145
6.110324962292677	91.71001071590814
6.1086583786660125	91.69261595676433
6.115675635933189	91.79177723198599
6.12299026697923	91.9061247562869
6.122530548124476	91.89612032514363
6.121129259765591	91.88117007598628
6.119241821515671	91.8512670778915
6.124206748641703	91.90893347927482
6.124935476486798	91.9397033658939
6.1226919365946895	91.91514402494953
6.121893497972793	91.9092118312348
6.128303319254635	91.99775755471882
6.129666230269267	92.01969466522739
6.128357853213972	91.99238211750408
6.126554651531722	91.97593017184205
6.12461017224206	91.94060113407023
6.122875273219971	91.90539150963082
6.121182972444667	91.88754027563601
6.1189022390769985	91.85780805250815
6.117885098289847	91.83491130601975
6.118102798928382	91.83964983390506
6.1186575798566825	91.83431091909551
6.11819222983853	91.83031517976923
6.117293097357864	91.80771631237832
6.115537110780115	91.78736871537798
6.113853594476777	91.77413213482677
6.11258436351034	91.7520219363663
6.111109218832035	91.74339210585283
6.1100411987307	91.73332836023748
6.109237849933302	91.71369364616969
6.107495425839675	91.6904914011733
6.105409417245939	91.66812999589527
6.106314120934735	91.67265455599674
6.104921784683011	91.65319963993869
6.10604281527264	91.66997777574218
6.107556585593032	91.67917586939645
6.106145124390903	91.65046728117379
6.107298899597577	91.65130612472805
6.107921101313092	91.66210969940249
6.106464626599128	91.65067096486806
6.1092485177991245	91.69391115612423
6.110262638254838	91.70313013541994
6.109465239519373	91.67772039502968
6.1114562745822605	91.72544990237418
6.11081069524169	91.71274825355796
6.108449127985069	91.69214636408863
6.108697915080576	91.69435170122912
6.108451990297798	91.69210454178177
6.109852000366334	91.70268290806776
6.116783258491218	91.794796244937
6.118351388706477	91.82423980346267
6.1172293378330345	91.80143492741614
6.116017955247368	91.78619205404817
6.114999483111981	91.77828286408409
6.114555673556409	91.77010740931212
6.112850924530067	91.73561717027223
6.113305662547055	91.73207215145707
6.114866820784243	91.74809429534008
6.113020678874626	91.72480369069714
6.111802374552457	91.69766170032244
6.109975767752575	91.68496791178572
6.107742813498106	91.65585189571199
6.105289246734873	91.63958923424806
6.1048156863159155	91.61921951127334
6.102721230605306	91.60096643660286
6.1018205771301055	91.58740923096508
6.100546085440183	91.58583122287737
6.09948535515971	91.56985709385216
6.100400210138388	91.57768536728521
6.10074086863397	91.58129026468059
6.099874276774511	91.57408499548686
6.09866765597902	91.54715720719406
6.096764573167477	91.52292531197149
6.094749218294484	91.4940838834603
6.096298515416788	91.52458358974872
6.100135818398565	91.57631195724817
6.10041974190517	91.58926797101643
6.099277715864001	91.56479104279093
6.097568931936764	91.54490723116602
6.097361225772694	91.525752443298
6.106260757907618	91.63603954294312
6.115708653751786	91.77634174616828
6.118454625316826	91.81897818994432
6.118050686186844	91.8114362466798
6.116445333061772	91.78731954404766
6.117274962837061	91.79248770556065
6.117172915256729	91.79383576876255
6.1152832491237	91.77994788879563
6.113886623034252	91.76329943172063
6.113191284667544	91.74993417715922
6.112149077166799	91.7371512776474
6.114068932365961	91.76014993613103
6.11488249443227	91.7651063302679
6.115068502182387	91.76354093110906
6.117909908200663	91.8018265315576
6.116818513610048	91.77677841591584
6.1155888154975395	91.7496710033926
6.113469738443968	91.73225902431152
6.113045037994353	91.73449738106082
6.111260232046695	91.71631323108795
6.110240221969643	91.69810303687437
6.110081860006846	91.7000044999527
6.1080439251944965	91.66508692382608
6.11205857553152	91.72244036566074
6.117687569514101	91.7925474359598
6.118115385840128	91.79608368329122
6.1169159868647025	91.79096009423515
6.115555383088522	91.7690886536382
6.115321620877466	91.74697328191787
6.115187284222411	91.76494949994999
6.113942405418911	91.7562418076783
6.114034620125021	91.74760633389063
6.112527762995626	91.7149920350691
6.110563666755567	91.69832383987065
6.109092954407812	91.68049884101953
6.110341048060231	91.6807089730418
6.113927941643393	91.73308934524182
6.113332844816046	91.72272445207548
6.112479542122198	91.71416788884886
6.111653884468643	91.70176268536682
6.111430803399407	91.70690844559944
6.109364473176034	91.6872173798024
6.108834262319446	91.6820641562947
6.109267816211108	91.68570904112798
6.114279081658772	91.75663994646536
6.113703776517835	91.74515073450726
6.112165003290572	91.72910259860063
6.109911585313427	91.71220594398929
6.1083421323913605	91.69284362613251
6.106454028994689	91.66728036331386
6.106575417788209	91.66060217371637
6.108398612083335	91.66961797527775
6.10686759589667	91.65083666014422
6.105477014179607	91.62150187127419
6.1048450365422875	91.61480375493785
6.103176309340133	91.592542947011
6.101811441279282	91.57203238396913
6.100059314531571	91.54430883816016
6.099152697273584	91.5446808571517
6.0990571845455746	91.53481434854963
6.097890305265028	91.52566295266962
6.096505422391323	91.51182956976966
6.095067368490212	91.50556845184741
6.094626349759568	91.49052355185397
6.093655459367648	91.47590549390303
6.092484726745844	91.46804353634292
6.0919100030333855	91.45518740792907
6.090809298688314	91.44835904255034
6.08897335056522	91.42352283600111
6.090746182990453	91.43618597346608
6.090759270045516	91.45022959145217
6.092844583336672	91.47176296487294
6.0912778146604065	91.44819310164286
6.094286001414946	91.48637019408626
6.092503313966234	91.46788189152517
6.094136885095703	91.4646509897232
6.097891544947465	91.51404715671696
6.100315378594892	91.53240069379827
6.099621736769537	91.51367940041916
6.098093274869285	91.50317106047189
6.096927059939432	91.49255695215193
6.095166645400264	91.46059760809146
6.094013880394328	91.44327991916198
6.093190376539879	91.4350355597558
6.093184289148858	91.42803852505511
6.095627214535324	91.44403680493194
6.096305358100192	91.44870463969902
6.095890342406411	91.44522452215081
6.0940804114508405	91.43042578393712
6.09279682243579	91.42350607068508
6.091584674465088	91.40529864196031
6.089640878343423	91.38707419874235
6.08888083358672	91.37564277806135
6.087461402607894	91.35294781465346
6.088742026074058	91.3639361158984
6.088813489684991	91.35815636965214
6.087163206455001	91.34839926485988
6.087348560884898	91.35115635329149
6.088972779109258	91.37550609503751
6.087191752071747	91.35284412174589
6.087840120240184	91.35573479025972
6.089544187536034	91.37992172334457
6.088441980114384	91.37833275145248
6.08780911470899	91.36472251617765
6.087384772013077	91.36376365244622
6.090483810892489	91.40208874900047
6.092007444801485	91.41813466523836
6.090711887983175	91.39867064331486
6.0893594366029635	91.38649156169123
6.087695721808386	91.36014052429294
6.088371851204863	91.36755160097425
6.08737292563254	91.35930441628635
6.086843849303232	91.35539398162851
6.087471404238693	91.36207693647171
6.089609515094998	91.39819251732008
6.089553023327559	91.39596146483045
6.087907775333509	91.37258744600535
6.087333873980774	91.37068817368517
6.085340602326027	91.35151951695948
6.084414955478807	91.3241096049939
6.083781362674212	91.31725781200963
6.084002109669247	91.31246371673913
6.082550533633182	91.2919907861941
6.083953189357019	91.3103242009016
6.084167324870665	91.32156556218825
6.086338148295153	91.35411425201454
6.08757266620288	91.34309011316674
6.093372359871574	91.43412197754373
6.094166846820548	91.45004817996444
6.096136245790943	91.47287423078363
6.095195087280774	91.46141394196775
6.094697072840448	91.44990425017146
6.093554165256577	91.43541385641257
6.091465286316443	91.4227697261336
6.091063763264055	91.42205999602999
6.090810534731465	91.42757787402189
6.089432466514842	91.41753486274581
6.088072704951495	91.40508299646481
6.087042708786414	91.39223677808506
6.085932330455265	91.38484318750685
6.086517744313029	91.3975742356491
6.087177088729104	91.40741704851465
6.086805027961412	91.40177194517999
6.086278099389599	91.40577156392872
6.085258272902321	91.38906137302845
6.0853223871133135	91.39527409193798
6.084875892339661	91.3924843487344
6.083246798690348	91.36662003992292
6.083236405138409	91.36772136884753
6.081576283716187	91.34536751850428
6.0814561434529875	91.35143741960368
6.08058355064658	91.3263465049233
6.079699797232018	91.3063954182081
6.078479433617032	91.2946079836641
6.077088269977952	91.27628566544061
6.078859292394067	91.28830313467566
6.077350658303947	91.26954106550251
6.077066309499813	91.26257291015868
6.075555232492833	91.23850255725154
6.074890024282686	91.23239830865533
6.073627143059362	91.20811240064764
6.074208704960496	91.21547244827764
6.073592499083178	91.21928854474051
6.073862231823451	91.2140878071491
6.074348121038499	91.23837528410318
6.073963617387928	91.237773751408
6.073911485559118	91.22905486161605
6.073273411203733	91.21023749924665
6.075135975866721	91.2355288817673
6.074522064512778	91.228862663741
6.075827966275805	91.24318220301168
6.077355192433278	91.25429684653504
6.077469576494657	91.26901991897758
6.0757528318184075	91.24709252291531
6.074795499486205	91.23004348495105
6.072590830134945	91.20990299543875
6.070718320132084	91.19603418421266
6.072169169001176	91.20603487873234
6.074383904440682	91.24183346945186
6.073389797711531	91.23463352004903
6.073145854818494	91.2191941482474
6.07253380439554	91.21902415612489
6.0710958240096105	91.19734885217211
6.069837100411448	91.17577244105057
6.070836439831423	91.19200714605927
6.070674589930026	91.1946853589128
6.071250680529855	91.20714882511004
6.073574607233632	91.2380970347086
6.0750707787000575	91.26049641171099
6.073730639995008	91.24158200232677
6.072714531439955	91.2301188381744
6.076864882834159	91.27946345501135
6.076564717477576	91.26713351962616
6.076424131007405	91.27786397859768
6.075523901030991	91.26426669770638
6.076270507184508	91.27411808146555
6.074982394518623	91.26371620278206
6.073406325189437	91.25541633248396
6.075857055069253	91.28828864649688
6.076853474834004	91.30446213100744
6.076465525435002	91.29082887598149
6.076588049642485	91.29901739056845
6.07594952066898	91.29962017042948
6.074564047343833	91.28641746785189
6.073002964766612	91.26158020830644
6.075321392522134	91.29376030654512
6.080309823071096	91.37376312240427
6.080527310304585	91.38078530544229
6.0811776849736505	91.39046237340419
6.079194308108481	91.36824669353283
6.078113755977257	91.34806382812165
6.076825151378763	91.3324370316277
6.081521827281002	91.39268805773163
6.085925843885569	91.46005592626959
6.085229396378519	91.45205177090317
6.085447623644023	91.45139957500331
6.08479295744823	91.4414665244229
6.082866308100803	91.42518249183179
6.08348761836375	91.42676367760437
6.082076412828701	91.40928232796854
6.086017710035695	91.45694428368557
6.087343756820741	91.47932697205647
6.086027484937118	91.45435908905814
6.086088077263688	91.44754405316021
6.0842830972188295	91.42542120799446
6.08403825166744	91.4203818850564
6.082485572528272	91.40711933986299
6.082694318798658	91.4012790120858
6.083258883766134	91.41220978679198
6.081890366085946	91.39408951885919
6.080995504841233	91.37548441183274
6.084118270755853	91.40585963103895
6.0874800683573005	91.46768092027885
6.086802028987625	91.45867236542368
6.084507141738082	91.43801204100262
6.085301871187062	91.44227715986926
6.083975653167095	91.43109963448252
6.083288893080087	91.40680101723407
6.08316095967462	91.42245187797698
6.082792482764243	91.42186145152888
6.081960448710637	91.4130377703073
6.08115377743016	91.3970340589106
6.079527142303593	91.38255482949086
6.07818206075297	91.37103618862234
6.07720286505576	91.36626373699602
6.076702936360268	91.35988957245854
6.077799817950808	91.3611961975496
6.076028421176197	91.34324438267545
6.075101029184234	91.33295294025207
6.074127783756515	91.3119429246
6.073651067090455	91.30341465697695
6.073216915036264	91.2942767277812
6.072142573849312	91.26426796295729
6.0719956974643345	91.2632099478654
6.070857464890877	91.24600182536226
6.071253759074559	91.24561968386693
6.070548300855163	91.23492062859101
6.069789039330518	91.22590498522028
6.0693600457510035	91.21935965471475
6.069297836135272	91.22828425930103
6.067968050155813	91.20446176093651
6.0685793858772765	91.2023623228658
6.067543827496593	91.19788396492133
6.06611542755101	91.17383132744908
6.06484865136017	91.16213508219852
6.064408400587136	91.16285367229361
6.062601796471833	91.14302314009934
6.0636422908139895	91.14740817222017
6.065528605556059	91.18432536476739
6.064537816891655	91.16313463973512
6.063654491491965	91.15098693699045
6.062835030571677	91.15586372919758
6.060963840602197	91.14861441383812
6.0590707479847055	91.12989527081892
6.060592642613106	91.15388726316978
6.06241767401598	91.17503342807763
6.060792644192337	91.15909661029953
6.059175136477538	91.13833120132422
6.059200997607415	91.14351160728116
6.058303824122828	91.12864721189315
6.057082853429939	91.11383442364354
6.055712746155317	91.09800245356946
6.057060761918575	91.11445298317264
6.057144201813788	91.10942838488715
6.055947016562273	91.07656222602576
6.05456169658795	91.0580519062593
6.054595160666559	91.06087660410314
6.055228137362551	91.06169437762941
6.05458629143146	91.06660296064292
6.054648129192832	91.05516737832974
6.0591993433758295	91.12470940616869
6.060874932130284	91.14366671976045
6.061406515591903	91.14909239143843
6.060469597296484	91.127553150056
6.061011064141368	91.13313538440495
6.0601487926213755	91.11883382227094
6.06074216869669	91.13129757555643
6.060763343059106	91.1254052106876
6.0598861508847905	91.11210200076152
6.058568960970262	91.10070164222086
6.057454405095089	91.08382380312224
6.056596608585695	91.06473084394005
6.056854176504951	91.07091756338882
6.055470198354032	91.05970223505695
6.053796568623025	91.03926563852569
6.05579233800116	91.07036781841934
6.053989096685071	91.03948997376715
6.053500525450833	91.0235443588158
6.055504705644705	91.04872073483901
6.054789203095655	91.03300953361193
6.0559562899499255	91.0492352772952
6.055886222376439	91.04323706694605
6.054473912886724	91.02551810178198
6.053632871513629	91.01879659166504
6.053374332356003	91.00514797606468
6.054827850242359	91.03533072681482
6.053708161072642	91.0244079751849
6.052073315024414	91.01416133540066
6.050368628868224	90.99562342971721
6.048606679209218	90.98343151340897
6.047133204117476	90.96113301740108
6.045799242363673	90.93252562156546
6.0455520431103364	90.92147672558562
6.045108005068007	90.91587237526684
6.044328041652482	90.89802313399807
6.043557867151773	90.88392265155247
6.041874520273195	90.86925798259013
6.040387079334426	90.84915213685596
6.041648832545939	90.8608275559296
6.040114066446734	90.83881651570248
6.0386539969190824	90.81315261496272
6.038719337983427	90.81997790806624
6.0385067764506015	90.82142553954982
6.038510791284386	90.82851024471921
6.037525295439091	90.80879020853548
6.038812614380483	90.82564184148208
6.039327412466092	90.8261160659905
6.038092859764414	90.81099348333764
6.037427861451317	90.81037587489051
6.036050706330922	90.80141183293574
6.034916809703442	90.781843462265
6.033343285480797	90.76515704382166
6.03163102176312	90.7392594172088
6.0298998833111686	90.71781677236528
6.0287521342237795	90.70159259431708
6.029528607669974	90.69656806447723
6.0301814433538	90.69797879894455
6.030372085691023	90.71726570993366
6.033526819703564	90.74449478577601
6.034451914014861	90.75355785686958
6.033171585101872	90.73417951645168
6.033463602606807	90.7325502548071
6.037838348988451	90.78996122425922
6.0371727410116325	90.78573142803852
6.036564662480608	90.7694001219846
6.037037175229273	90.77756798785235
6.04002495812488	90.82591207684503
6.040263599369144	90.81996839587968
6.0414693802061645	90.82151949560335
6.04187350827901	90.82278990857235
6.040423082850301	90.81615641503835
6.039793318189005	90.79836156732351
6.041433047774932	90.81117351741648
6.041038309086955	90.81100553922676
6.040209734120627	90.79844922052969
6.040462421993696	90.80331837900874
6.038983240115213	90.7891761094522
6.038593089712558	90.78320525761171
6.041533353112744	90.8179436987411
6.041242787860492	90.81932171779698
6.040778390334953	90.81106841763759
6.039938700696573	90.79367167154294
6.038659322353797	90.7895115923716
6.043464247713356	90.84646833504908
6.04434217288409	90.86539974938668
6.04313189167018	90.84593656220406
6.042656537957245	90.8421847338771
6.041285431970058	90.82146847555937
6.0402606980553015	90.81294282181267
6.039150483869729	90.79847047120579
6.039042263058423	90.79208503553758
6.038719819371486	90.79410315306902
6.038028611626625	90.78127900776254
6.038941283192129	90.79489310885259
6.037921841875269	90.78177825747957
6.037624562661153	90.78647602883531
6.036507314679765	90.77072165908997
6.0352355901674395	90.75495915950565
6.037147963390642	90.77202347733467
6.037631667332056	90.77224464591535
6.036109636522302	90.75041202044682
6.035518570770046	90.74604098219886
6.034298480428908	90.73682621122659
6.033322306313571	90.71395637195246
6.031579738495232	90.69110626582719
6.03143288020015	90.6784165691875
6.0328150702283745	90.69102924889528
6.041199892596126	90.80775624039255
6.048125503619651	90.90945522963948
6.050347715953832	90.94622121588871
6.0503814354959795	90.94547879286065
6.0495781019213295	90.93215577678119
6.054134476694828	90.99018135251866
6.059222271896758	91.07923247128372
6.061918007890195	91.11965683129668
6.064216902910519	91.1610297447884
6.063118623624128	91.15363328917809
6.062406862869246	91.14167703965369
6.062315469015743	91.14134970628622
6.065317209877718	91.18752428644228
6.065471772695858	91.18514365837716
6.06462966305525	91.15744571588688
6.063457877049692	91.1431817748842
6.063977388942347	91.14745206980314
6.065466261191422	91.17088387286825
6.064697504431212	91.16038002737433
6.065314783813005	91.16268751433053
6.06498598498979	91.15192805270395
6.063276013777067	91.13414938465009
6.063020764136142	91.12107104526042
6.066522426631263	91.16789168288607
6.066212646873801	91.16772250774542
6.0668814929654475	91.18225709361549
6.0698839283825645	91.20901481653162
