1.7765478511219521	53.29643553365854
2.120276815838055	63.608304475141814
2.0674951061841584	65.28931914265712
2.0341360372154864	65.97197958536668
1.9786598089709768	69.8350520813283
1.790095288434305	65.7586024322809
1.8905787290898082	67.29178527268799
1.8688622585366192	65.47838570055319
2.0868476344439446	68.71327576827665
2.027966355903666	65.4182695452808
2.0163038036667773	63.978870693273514
2.088167873089616	63.97790930317269
2.1621028377563225	65.876570837891
2.2233171709442203	66.22646892174636
2.2147842999394136	65.56927203768359
2.215503030529945	66.2580345579085
2.1807028861543127	66.00347014473066
2.1692168644765304	65.99307644041255
2.2191120405048386	66.74901652178238
2.207674137654797	66.06506147595039
2.1928127310219128	64.85784134008493
2.183288703719582	65.3501380705169
2.1806761909266843	65.27837621428804
2.1527005837359683	64.58101751207433
2.178843626665199	65.10488924297664
2.1525935091899435	64.33038073440682
2.112024051775312	63.71469206472571
2.14437076928186	64.2164508447984
2.121239468718946	63.418499580246824
2.1097406140700823	63.08194527118637
2.1145962052944776	63.23390581747038
2.095145346682291	62.952724031752766
2.0742944786928836	62.04083184003858
2.0898282390544844	62.419467169400114
2.0721660174679344	61.724094137323505
2.073898694884836	61.448850218791755
2.088629285887855	62.07171371713071
2.090511695238679	62.55074363704673
2.1002287089339653	61.66292570770918
2.098129777891124	61.55881988920936
2.0849564554771582	61.42506443679243
2.0658729661400055	60.81775554522184
2.0705264046479783	60.842347653646335
2.1116188255041037	61.46277507529065
2.0970340751647187	60.685873557804484
2.0755836520033406	60.49219513756696
2.0769904698077197	60.320423530963325
2.076653596692884	60.47282465595537
2.084298609856763	60.73179299283747
2.0799850572973653	60.75905717517038
2.0742533072629277	60.73890067198844
2.073895894044159	60.5857227473443
2.0539433264385822	60.533269490946545
2.057566410708296	60.60468336993998
2.070531248041068	61.06124323980352
2.074443906808851	61.14150462172141
2.0650365799056147	60.77818505400583
2.0635086542362715	61.01113098335335
2.050641176722004	60.95104757006383
2.0417477075750803	60.64597151212382
2.0333305008729377	60.35676912566389
2.0270649200744444	60.22908548464755
2.022187420214102	60.04609935908327
2.0177290030218744	60.10922708771863
2.0050074199148393	60.057825942167554
1.9902172385990347	59.933538135784204
1.981565040960611	59.89392078695049
1.9885595866526224	59.8769233471958
1.9802381590025544	59.884484866855786
1.9803780959234074	59.752787377013576
1.965166794478718	59.41526291327983
1.9929255263466354	60.07982047325922
1.9948318593820218	60.466183696150985
2.0128509743401257	60.837701334725175
2.013520469385843	60.64820690922329
2.037729359982216	61.21242346192498
2.0261146575618665	61.14075583237047
2.022815409513122	61.1154042383484
2.0183814742551696	61.05378550074724
2.02243231884471	61.20854432819338
2.020072603510413	61.35970533160958
2.015652981462803	61.291796469681046
2.0083543965751773	61.209332282391614
2.0037320000715795	60.946344480138805
1.9964564987298286	60.71513502397083
2.0038885207914485	60.716763166644014
2.0025763278415902	60.84661485057441
2.000919041439434	60.75245853246561
2.0044207131542775	60.74691605130285
1.9986468257436842	60.73546909967298
1.9950870307243602	60.6862127451304
1.9967369764169944	60.89496193270081
1.9932090199738342	60.64398217802886
1.9908859868094262	60.69511873297192
1.9952177765419254	60.94716680751832
1.9873175885077765	60.75875429829658
1.981379573011334	60.72474520759026
1.9760927657637284	60.61254805783913
1.976961976950898	60.531722387041626
1.9749791631787166	60.45854581157696
1.9772100517024587	60.51461067329904
1.9791472058757944	60.47119770322555
1.9803008295798827	60.43584753974353
1.9743681297489692	60.24477814000218
1.9744845539925056	60.32615271652936
1.9702168094794743	60.06988930144666
1.9768847968296315	60.206832996391086
1.9693979025178208	60.13995479880837
1.962446469970369	60.142455077774635
1.9576804959071612	60.124203224648646
1.9567226531543187	60.109653459415114
1.9631969699373777	60.268084230135436
1.972502910714937	60.4318560083366
1.9760481359507072	60.447984122979406
1.9845734255128211	60.698389344128735
1.9807055913710834	60.75676913152265
1.9818330103662452	60.488990142475004
1.987173460364236	60.66920267087907
1.9896601780007568	60.68421046955878
1.9861847352755577	60.64686214579451
1.9870963670622035	60.589330637826734
1.9891144774246725	60.76927368422482
1.992971322004725	60.90322300780017
1.9868655466916036	60.75741745736121
1.9872045363485284	60.83279192898954
1.9826521809551847	60.83137373379492
1.9886499985924235	60.9064026899528
1.9822715776224376	60.871034450724764
1.977649592344093	60.6698685878983
1.979529208663404	60.716979266847865
1.979215765061752	60.7443807628624
1.9789031075971117	60.79485109447277
1.9714507305070335	60.62495888028301
1.9674050655719446	60.55871641342093
1.9688862184470557	60.66176633476735
1.9676775726727418	60.704154982999505
1.9658625649224495	60.612866780405554
1.9647894251727367	60.567596576403346
1.972098098719021	60.62402559274727
1.9730480334520224	60.75367844937768
1.96875788951133	60.765019136274745
1.9632900011537717	60.69387086289455
1.9633923257940475	60.74975173205427
1.9617095700130456	60.74971571646925
1.9567530640886956	60.64749432685624
1.9552418944810703	60.71577098770731
1.9519201421007826	60.47044486586759
1.9508601710066482	60.44535351893491
1.9540245052322318	60.61408423583264
1.9572169103920711	60.69935283776524
1.960713744754558	60.75262150295823
1.9594137461131744	60.781814165119414
1.963607327610081	60.83670356886797
1.9711458271569615	60.95511192411504
1.9672484704527173	61.00503759658031
1.968355372744819	61.005981089066196
1.961572522858245	61.00367502585304
1.9621561962322218	60.88785839703196
1.95979913918293	60.86094983012299
1.9585329364168493	60.86732337201016
1.9563795459832998	60.88475004577836
1.9543753030248567	60.750009419335164
1.9554102136404146	60.71083139500921
1.9581004789389116	60.81978760350194
1.9657498237008906	60.87245309560755
1.9675236216838732	60.99139518205191
1.960351524330302	60.888785721654486
1.9660837223241303	60.922606581757336
1.967610977876202	60.93944812368058
1.9690570995693932	60.99114004137702
1.9654065739539337	60.97693211001538
1.9591941664035577	60.90025240149663
1.9583653875682947	60.88000216523164
1.9551473617596162	60.87604669485738
1.9548456265239837	60.7814008839338
1.9518554410292266	60.81910137877453
1.9548478394135191	60.93479323325914
1.95695575660115	61.00492551224279
1.9503241037755599	60.96181861044052
1.9525346997959434	61.06972127945707
1.9521826384951297	61.07952594080496
1.9537617674472219	61.06204493566452
1.9574906395096119	61.04301965865551
1.9598002350752153	61.032988985124526
1.9579358438616403	61.03085612708416
1.9563160709572787	61.01869019527819
1.9571360122786572	61.031312000435086
1.9573336070713074	61.0415346634332
1.9557241880331588	61.06253384441827
1.9562412915976153	60.99877112748456
1.9582670148678278	60.99956507306444
1.960253658752924	60.96685245363585
1.964714050473879	60.97933182651509
1.9723653068179163	61.10815057586031
1.976167333436715	61.18327018047616
1.9739342600388103	61.152441775687315
1.9707250920710746	61.04289986444657
1.9686129241689914	61.03111048830607
1.9685506062839824	61.09824340791866
1.9719480260462299	61.09831219352926
1.970612145266694	61.141194936753486
1.976134478517999	61.223798260862175
1.9766576099460278	61.245712768149055
1.9753867452404115	61.150060095492194
1.9779606264931642	61.22022069924641
1.976196066703003	61.21750221672213
1.9793111879353167	61.36556403937782
1.978652947721487	61.365777305110726
1.9796787891641368	61.38766571742314
1.9804342129542551	61.371055295688144
1.9833997051008843	61.513572431586056
1.982930748495597	61.54924138813934
1.9830522855490598	61.55795047198912
1.9829774876698147	61.50104092193254
1.9846436189548855	61.55783285529145
1.9822748131702148	61.563099877028165
1.9966387323049106	61.92528893426238
1.9914758540033695	61.93177406171703
1.9893921778859864	61.900575935134896
1.989537095418372	61.92381433509088
1.9992876714380752	62.28983675573665
2.003848664808055	62.30453831751863
2.0045555556493517	62.301866050076676
2.0017459864966214	62.23332421579158
2.0027477320255707	62.240088357080744
2.002957634280707	62.26525795693411
1.998416692706278	62.156737507709934
1.997162460311518	62.051288796315916
1.997050385929469	62.02412364971411
1.9943311557378216	61.9999323026853
2.0005126269589533	62.11269043373965
1.999897134197862	62.0980774213394
1.999034685419393	62.075755002497566
2.000137983732198	62.16944275308505
2.0009791102730126	62.15863726550878
1.9994771628895447	62.143539566510704
1.9964992482368384	62.13661481707173
1.9986648066863395	62.15360069569551
1.9981481310559186	62.22246297355842
1.998131250105641	62.23900065218606
1.9977775652991543	62.244911859965846
1.999584031156789	62.21118519903634
1.9996630183344626	62.2041536319706
1.99825422546517	62.17734720679069
1.997107121207509	62.10593332290044
1.997868077322273	62.10727215940548
1.9950813447085713	62.08967981642407
1.9962678699973826	62.039402476104975
1.998588273539935	61.9736587934694
1.9948138239017013	61.89947736559202
1.9940803541327423	61.89375542711101
1.9937116573186051	61.848420719485034
1.994522177847419	61.85259787484745
1.9924053166719482	61.85426161353082
1.9898805238081476	61.842721946532954
1.9929567917273834	61.92963042877571
1.991031595584038	61.86118719310211
1.9902256872702462	61.91457724874282
1.9868884120992174	61.78956558749942
1.9885866416345166	61.82134637214027
1.990311141072661	61.89093024077114
1.9882956824392808	61.8074117619128
1.9850407404815287	61.75856247013112
1.9815513275087517	61.677683292987844
1.9875433345006592	61.782871981659945
1.986994056402666	61.69732517554834
1.9886917050334767	61.70606452584521
1.9846183655987304	61.63125399550493
1.9854554659336452	61.73232752880456
1.9842094251259976	61.661601164554554
1.986807367041543	61.74596289782258
1.9849007772653118	61.702058447622115
1.9849538547816974	61.69552967998516
1.9820892785502129	61.703366293078275
1.9840538417221234	61.732770862600475
1.9862992606714647	61.74791769615946
1.9871020228467562	61.73016003692261
1.9877891734137603	61.743619017849646
1.9890790027116498	61.74148434158515
1.9893146067502139	61.69556099951036
1.9883089054986853	61.634285984111195
1.985518364177382	61.60823532355809
1.984491024796377	61.63646899780539
1.987436212141589	61.66408058073038
1.991696110330027	61.76641909086838
1.9908952382776832	61.71199835422368
1.9880630906849164	61.6725750705333
1.9859989097175053	61.59020308685962
1.9843911489275787	61.58822717467339
1.9858555442059804	61.5494949577073
1.9879276390665153	61.62858057203068
1.9862558013582565	61.591507327197924
1.9886064825397147	61.6464502964779
1.989297770115041	61.66089029153775
1.9888231229381497	61.704065339331244
1.98616345250154	61.67907486709812
1.9841003880509376	61.62919455314734
1.9824124363433284	61.580150038024634
1.9822504772304221	61.55716385938561
1.9867069212188615	61.698972708731375
1.9870988743312468	61.70392996981801
1.9848936039924336	61.67056259319738
1.9810769640810353	61.58683174933153
1.982942033754077	61.62695978142411
1.9856623841817866	61.67281335806733
1.9850569063991226	61.7095238765619
1.9846314096822242	61.66820270981383
1.9841117829655133	61.593122373964135
1.9834828950761672	61.59760950546169
1.9831583350776918	61.5702637831967
1.9827689209641108	61.54103137932455
1.9843980685933078	61.55415384281541
1.9838766755299209	61.57197813013727
1.9811612380510086	61.52147309206769
1.9791665968707426	61.51331800846771
1.9771942675125396	61.505501742593765
1.9746834788704677	61.48056927192112
1.9712558557681774	61.426689087302975
1.970387322090024	61.422171571472184
1.972178352366458	61.470494099870905
1.9745392655270613	61.46698925831176
1.9737217064034698	61.45415530669699
1.9727203358046603	61.4453875087956
1.973800362344597	61.49147282705093
1.9725836559185632	61.48558390430173
1.9707807947848976	61.480817138958585
1.9717101465497058	61.49253389828157
1.971375717795505	61.484428092416984
1.972648590788983	61.468166033621365
1.9730148385339146	61.49172643325694
1.971698110075395	61.43383192060358
1.9747302656982917	61.41549866175298
1.9793634865520406	61.476266845025336
1.9783118937123358	61.513375252323435
1.975404633205216	61.473344368376516
1.9751999322320577	61.43170415595592
1.9739060692451338	61.41311081737202
1.97421062111018	61.44412430356147
1.9764086826712948	61.43055104773974
1.975314146596903	61.399373138348686
1.975450079285894	61.40642452489928
1.975587592065922	61.39490745009102
1.9776196975398241	61.47019087069165
1.975925316648032	61.41108046334078
1.978636791404234	61.488937970539986
1.9783362511959472	61.47322343206213
1.9784359059051282	61.48833491727832
1.9773659304243327	61.49449006162444
1.9767315943066228	61.513983630428946
1.9745323085823585	61.48454697559171
1.9745755561438583	61.451989378625434
1.9767155202179343	61.512055086390475
1.974306424464273	61.44865550371236
1.9744292908518783	61.46398671823356
1.9768366496403256	61.550388302079526
1.9760104146041282	61.49123318189438
1.9737342985361719	61.4943835269061
1.9778992623896305	61.617514367238435
1.980231261405689	61.6835594660117
1.9780982726274146	61.646115551537
1.9845564365459398	61.74302271706248
1.983661754339307	61.770800436269425
1.984539163372272	61.79165543719136
1.9856071576822678	61.800855527784435
1.9852608317653755	61.76617732026357
1.986651883571401	61.794441024490524
1.9847415333211147	61.75499302503398
1.9835740609629122	61.70374086518528
1.9814052270606484	61.63876876096403
1.9819244026487888	61.605603106797695
1.9805616178101282	61.5916479638283
1.9825903653045431	61.64008490550085
1.9824017819208086	61.62821486246621
1.9842326528629988	61.7133482055869
1.9820367081322448	61.681640294725966
1.9829218186235156	61.66903257268107
1.9830469398887383	61.709343486515095
1.9837208863831155	61.69883393204873
1.9809682805177369	61.66628158668555
1.983837377441155	61.749477414043284
1.9832311784717587	61.74974767093729
1.983918043121171	61.79019098859197
1.9855054086298511	61.825087114449765
1.9859066976662507	61.83983013160745
1.985926648781514	61.7843846289959
1.9862570143012919	61.78873398438486
1.985692890988417	61.78184232731918
1.9851378208941273	61.7339146013665
1.9840440953104344	61.67766273934662
1.9827226763203072	61.639046932464105
1.983913362421845	61.62951202673238
1.9883831548478723	61.713871472930805
1.9898581328146177	61.72984445717692
1.989741504375047	61.74519449140682
1.9913787239003515	61.73404284705517
1.991315703519566	61.74300028159913
1.991342580718067	61.73861808260484
1.9902013020040181	61.70605958453775
1.9883769118477728	61.68425977685777
1.9903479676732105	61.676373433589625
1.9908214931035297	61.685982130376736
1.9930967355957394	61.68012992391104
1.994253989893263	61.73481177285575
1.9933424279722571	61.701724497770506
1.991782472437788	61.66430638349501
1.9950910562524893	61.71481667362698
1.9945652206324072	61.70165022551515
1.995829739111249	61.72825270199128
1.9963536397970627	61.69313476989678
1.9964292315770071	61.68319404289909
1.9979667318551613	61.672123679665305
1.9964448582488126	61.61312970790672
1.9985241521022452	61.62696427227016
1.9976255105099505	61.54163175144903
1.9998816117834175	61.58428411267932
1.9994490758340033	61.58224201990845
2.002510015885207	61.64222514457766
2.003745306725105	61.668833344856615
2.0038238594562383	61.66744011113016
2.004548005039737	61.655815607285334
2.0026511247120418	61.63129557783899
2.0021418397915594	61.5744338437533
2.001600327183899	61.569041696740214
1.999195683804506	61.52859689816995
1.9963225846412358	61.51066446157398
1.9968240385955092	61.55188425778768
1.9968124923045267	61.532759264968234
1.9976686506857357	61.510948380877934
1.9964813158390453	61.4632568708548
1.9942484533077907	61.40543035604971
1.9931904358829173	61.383714031119766
1.992090115035657	61.3460565304776
1.9961605102305182	61.394873985725425
1.9992748526571031	61.46530951969457
2.001693726822605	61.52167483514286
2.001712795045532	61.511578430989985
2.001891194479858	61.5280589838825
2.0009353629508277	61.48805114395491
1.999335367808257	61.47851224374804
2.0001362950165613	61.44239956749465
1.9988385380165485	61.39206931603488
2.0021739738236923	61.44139526221962
2.0042369796843116	61.43768760220648
2.002619998151222	61.406303810562875
2.0032558702115137	61.42980559841286
2.003042559428708	61.413174713728736
2.0027117176237517	61.414050156018455
2.001072071182523	61.36773219989901
2.002984803386396	61.43733417174817
2.003748879582652	61.42281987805674
2.0023080146085666	61.41046681988338
2.0021533345826024	61.409634057684364
2.0010734712868734	61.38040508920971
1.9989698591589755	61.34738504228532
1.9996470339601278	61.35817020012044
1.9974452444820263	61.34257704452414
1.9979173325048425	61.34015592563968
1.9977350845916768	61.33827946868023
1.9977989259046944	61.35762509130323
1.9985701421303261	61.371312775636284
1.9993841856448962	61.41362195994574
1.998438666988437	61.38820905243674
1.9995802141275651	61.40652039402648
2.002665534073056	61.45746083392037
2.0043193894513736	61.451110951297885
2.0074412454268344	61.51694127806233
2.0076486973945604	61.50029135334227
2.0054622204194974	61.50434594726708
2.0049056630719693	61.51117025599748
2.0030129985845564	61.496969580819055
2.0018561234676198	61.50516856823519
2.0010954198619553	61.465317017835545
2.001438548105525	61.43950891855796
2.0002586153462665	61.38702387008078
1.9995073583110166	61.37421616778684
1.9988508179421292	61.37086579269605
1.9985049599946836	61.37039909329537
1.997207538183366	61.34066416252653
1.9968860330869378	61.32119306627407
1.9947557385481423	61.27889628809611
1.9941464259267931	61.28321355773598
1.9923589478638843	61.2772740316964
1.9927367312567543	61.29219960903215
1.991513232810928	61.225433284565476
1.9913530866144296	61.24326233381551
1.989673353827764	61.13041302010051
1.9898323637189166	61.119417289648474
1.9894701975869367	61.124540802739475
1.9877296521705874	61.05526381321688
1.9874318685709542	61.06866318523186
1.9869738130228667	61.045206519184674
1.9859141450134656	61.022364484614855
1.9853240130620575	61.02024553814037
1.9865660000921226	61.04272884339335
1.9844165798042712	61.049484586453914
1.9884498176774603	61.13882278504359
1.9877751051056576	61.08982132720318
1.986791467740187	61.03776378333017
1.987875798055707	61.04933982304346
1.9882611923221098	61.02704703224835
1.987096974406012	61.03835586580109
1.985663314110411	61.04744209512662
1.984984517827577	61.048438548482935
1.9828054701695457	61.046668109887
1.984190613521434	61.073725710429585
1.9842241064472668	61.11498820270137
1.9837516711542489	61.09103648122879
1.9838526539994832	61.09712932554775
1.9842690574886008	61.125254201364775
1.9847192841341035	61.14821797630934
1.9851803634553151	61.12848241747988
1.9843957000991705	61.088922644082
1.9834431787596023	61.09314624408839
1.987103040794479	61.19658256205633
1.985746170467433	61.19433197069706
1.986045479022396	61.169884630019
1.9858874034631264	61.16793491705185
1.9845029592240238	61.13425708414955
1.983573242069968	61.138741717909184
1.9822597632545778	61.11918629618876
1.9828144370497844	61.10892172115013
1.9844934211141927	61.1334060675699
1.9844239975879927	61.122129018324515
1.9834807124352953	61.10193376300056
1.9830632590939672	61.12181277986608
1.9838028412276083	61.12351622439962
1.9842880841537178	61.09366038997078
1.984355057118793	61.11049694670548
1.9844046520570755	61.10303032201623
1.9859345752072108	61.10567923683329
1.9876867804625469	61.1389272303212
1.987542205357419	61.113907325590475
1.987413119949614	61.095329785294275
1.9887507558646011	61.11603128484725
1.9891728080393118	61.14377778201773
1.9896428324011775	61.114530553676566
1.989878538526148	61.107402316950406
1.9881956167814938	61.070467703325875
1.9860437826171795	61.05385544637763
1.9871748923231853	61.05686724612135
1.9872900221594367	61.03456724291211
1.9882575321776494	61.04431169381044
1.9872325465522525	61.01596114058239
1.9859270781500595	60.973247888653155
1.9859163441602716	60.993204145350006
1.9855750615866898	60.99722338433742
1.9851281533654697	60.9865262500358
1.984888750406728	60.982192219005434
1.9857088592389138	60.99333254635579
1.9857453638551676	60.99180659589622
1.9846678985254333	60.97307009074826
1.9847238372547826	60.960821190139505
1.9864781666885274	61.0120758772404
1.9865059847759605	61.004673811390234
1.987930808929328	61.040199111847905
1.98767500776534	61.03538131303482
1.98727550559166	61.03735630572056
1.9878340659839784	61.051907649423846
1.9884377619956994	61.05108251265229
1.9913499668789227	61.09885753499744
1.9919359931849911	61.06982924671314
1.9920247314906272	61.053512038934926
1.9943284211496297	61.06636517920124
1.994101087938431	61.040597752282544
1.9936601127471147	61.0359232560477
1.9919568127099132	61.01456963915965
1.9943432170225217	61.08540221695382
1.9933831538590416	61.092174355010336
1.9920139917802266	61.064341993940744
1.9910793225336159	61.044296575522324
1.9894100289315328	61.02900034970575
1.9879546762342677	61.00921442162678
1.9896467976012542	61.02056815428568
1.9883023318767403	61.00956192905785
1.9900681208156625	60.98538831720811
1.9882788037941828	60.971531019130424
1.9879792103212426	60.95460124054239
1.9895153850451128	60.97242272249925
1.988592664043674	60.95800683688352
1.9881907077072491	60.943395250223496
1.9868165397342945	60.91506119130889
1.987182263916128	60.91862404994263
1.9906320852753752	61.01139958143172
1.9924020638773408	61.03135616540263
1.992232883197495	61.01865113397335
1.9915602972309303	61.0224488452421
1.9913264685866117	61.01306500468061
1.9917136543227922	61.03861859256481
1.9931314035685175	61.03749029578535
1.9946892132322969	61.05663480123709
1.9949016339887347	61.061037497115024
1.9951561614106859	61.06147411034762
1.996093966832479	61.07233927171796
1.9980122310983057	61.11849276070615
2.0004264855910945	61.13793813446472
2.000049327243213	61.145391075959864
1.9994336275913485	61.11418426465089
1.999706703789017	61.125810641794764
1.9995832874604667	61.12530692406249
2.000640697218928	61.12974460969613
2.0001221781833487	61.13273923086663
2.0003570988657047	61.1328356123604
2.0009947188044905	61.1246107105708
2.0011673138873856	61.06627101254166
2.000189537729209	61.039832046042974
1.9996928615233645	61.03830796185959
2.0013176270333566	61.055443102439895
2.0014152731514887	61.05161732903232
2.001221017926754	61.04400700748201
2.0000466765988985	61.03702856893388
2.000060462819171	61.04588840752356
2.00014887657148	61.00628519569167
1.9998602723030814	60.99076352795558
1.9991403647243073	60.99745820424445
1.9997351415547509	61.01895867259156
2.000230556068918	61.0223040459523
2.0011579356239633	60.99363311063747
2.000586203904664	60.96460917182536
2.001731668055219	60.98795254385012
2.0017220839337218	60.98612737233867
2.0009785839001424	60.996860046936
2.001237197079281	60.97825946615538
2.0028407006783606	61.030557912010394
2.002807722348792	61.05285875600434
2.003182630128342	61.062712265561025
2.0037395818894237	61.06325249093541
2.0031188503717368	61.0378512476438
2.0036643269605867	61.01347328195746
2.0043168688624062	61.02696137972636
2.004183825241882	61.03621382018731
2.0045939209603274	61.057060214730875
2.0036923435590444	61.03302567853
2.002516606492701	61.02509886394159
2.0024200441894595	61.05487213906052
2.0021092872666353	61.053596802133356
2.001949484611137	61.0813083333764
2.001437088244179	61.10794496928604
2.003231324640183	61.11228491156429
2.002768682096549	61.1208718232001
2.0028294754892855	61.10650870717805
2.0031035925581384	61.09871057965241
2.003645445570959	61.128166136076196
2.003440050939553	61.134791715003864
2.0034225879057015	61.122975757326294
2.0033066133434096	61.10819416421238
2.002428670790146	61.07501989255959
2.0017596688531936	61.03385983702899
2.0013488578106133	61.03415451514336
2.0005690742830415	61.02793556766981
2.0010235624507073	61.030670943229985
2.001557206100783	61.02632461927803
2.000529614916483	60.99822177325759
1.9988440649100827	60.950043165077915
1.9994112036575566	60.93266203093136
1.9987498530187051	60.925206874327266
1.9984195276547048	60.91364718336532
1.9991579934028372	60.958236462999096
1.9988043543194933	60.974189389638084
1.9973013116361684	60.94088576408308
1.9968157969812736	60.95267521780954
1.9974365008614787	60.955933844136915
1.9976623447847088	60.942510241517276
1.9973583790338214	60.92701197570018
1.9967796548901868	60.87985111383123
1.9964978531900963	60.86046630130913
1.9973802553814197	60.862677294905815
1.997245428357084	60.833976742811004
1.996014167894429	60.799701967361145
1.9964255862084586	60.77855368210232
1.9962296235305228	60.762043511379204
1.9966732560539167	60.7604423948967
1.9976078835250732	60.79676167227796
1.9979936603650743	60.816360625102114
1.9987296297998605	60.84660209930291
1.99822130628149	60.820654519819485
1.9973380738943984	60.81071331386111
1.99704516680286	60.80957621809603
1.998099145484175	60.84032427975517
1.9991517093514064	60.84829334213433
1.9994621731476565	60.87006168026761
1.9996985062714785	60.86233219057932
1.9987697976828498	60.850874280869256
1.998941142036054	60.85929271937479
1.9997709196070605	60.860658910091516
2.0004100192571506	60.878823984379856
2.0007290243690727	60.878248423441484
2.0011763664743807	60.89958643446817
2.001447820620757	60.9200457414507
2.0001023199189345	60.90470676546457
1.9990949206858022	60.89958036484483
1.9988004649385598	60.90267309158145
2.0000773281787994	60.91337978828507
1.999567463519575	60.89205736968673
1.9999626376340895	60.889408664622486
2.0003690997523766	60.87825971331114
1.9995439546728209	60.8651910099294
2.000232390960416	60.88486686756937
1.9998193142992853	60.88429258673231
2.0005783606527547	60.89726843174976
1.999365694787841	60.87231546255418
1.9984660678995383	60.861257559487875
1.9973390436732772	60.86082653484304
1.9969329072054067	60.869077919914396
1.9971975192961486	60.88893772264286
1.9968836265338112	60.8604203487767
1.9956773133974868	60.83979200803792
1.9956344302795723	60.828348445919744
1.9968105126419757	60.86718612006009
1.9966142704665013	60.84238615018932
1.9965970374523458	60.84486286257613
1.9953161305515215	60.83489574716049
1.9967879977174428	60.87403358484517
1.9976629018264478	60.8906440612214
1.9987748761334652	60.89717352477613
1.9989703007937834	60.91045237850826
1.999437438946379	60.897435219226175
1.9974598825402268	60.874698318614946
1.9969461941741273	60.8792315084846
1.9962933682678181	60.86656011504852
1.9960573355002476	60.845100827887336
1.995798490470376	60.818711395833354
1.9943078146965838	60.806175768912375
1.9946682163374816	60.81151677877019
1.995206269848427	60.8265565035845
1.9959600417641254	60.84391157431626
1.996683335750372	60.85183383825819
1.9959873535295432	60.84204637352859
1.9964316306435945	60.83726358736378
1.9970539374386693	60.837957391766786
1.9974171056928112	60.84773211085194
1.9974858797278288	60.85276841315791
1.9979689567209395	60.866197252435626
1.9968280901489093	60.851232957549215
1.997024037058112	60.864317364412194
1.9954260339457732	60.839524402950715
1.9958519172362517	60.834359928726954
1.995994174796125	60.82060529848575
1.9956835719220256	60.83496390228739
1.995408110105621	60.837788352987296
1.9950383344298115	60.83352932384091
1.9949216415535502	60.82028127489925
1.9944719136390576	60.78858738620644
1.995487185782639	60.80575443748245
1.9963623351173996	60.82698426000267
1.9975386968329645	60.85740168218784
1.9984656888581525	60.85538079662545
1.9986668849340556	60.864417571868564
1.9987806243681097	60.883177970147315
1.9990602062834015	60.902830770739655
1.999508818186662	60.90286775272432
1.999244838572085	60.90182019037579
1.9992832791606747	60.934653847129304
1.999620339284138	60.93541543801818
1.999214118390911	60.93407445627588
1.9989339758692526	60.93654717789364
1.998235524836519	60.91804785676858
1.9968074243205687	60.881380957325426
1.99915996374703	60.93954098579391
1.9993709852891957	60.93652434056103
1.9985932375130548	60.92375936242968
1.997406482442225	60.90662480836814
1.997117303198627	60.90461786420521
1.9967463820582292	60.8838746305374
1.99761653955583	60.868613515626684
1.997864151543744	60.882993331263854
1.998844532363525	60.87932054811633
1.9971070748229038	60.857414635770795
1.9980249568621584	60.86401137828417
1.9993549745416355	60.8872275922127
1.9995552956883016	60.90417633202509
1.998979291263795	60.88542402779582
1.9983654380737095	60.85751945500621
1.9984662090617746	60.83942420466204
1.9988980817703825	60.84343377904872
1.9990240939775235	60.842139265115605
1.998549246023662	60.83052421655734
1.9982459704478537	60.83603940539129
1.9970971240679634	60.82767437740482
1.9957990282625249	60.80675743450033
1.99518536004331	60.814559625805984
1.994834593115375	60.79866603758277
1.9954137410496333	60.80322946448003
1.994897449166923	60.78233488645603
1.9949829231520835	60.7876646616311
1.9964321995026248	60.779494923462224
1.9955379616859907	60.78644249618184
1.9950196633046886	60.800844520849765
1.99496930466396	60.79416611272214
1.99515394766647	60.798576042450314
1.9952179042063127	60.79149492759972
1.9938595071055674	60.780122170168674
1.9931691773535043	60.76953631929358
1.9937547646093785	60.76667202587322
1.9940224380703122	60.75417558779098
1.995064071099604	60.75367478982177
1.9956246759538183	60.765721723309056
1.9955105891272493	60.76110561702404
1.9945313401582023	60.74173805252951
1.9935059409670715	60.72093195842208
1.99269841415222	60.71443689134318
1.9918926595690563	60.69639945362777
1.991320995733053	60.68163277435375
1.9916525521056883	60.671358092993756
1.9927136569700816	60.70635100190934
1.9930208681417032	60.726033264297804
1.9926160580836674	60.735480000118315
1.9926960749564029	60.73671405561232
1.9926219461861427	60.7408903108936
1.9924082743485192	60.73316857327291
1.9917311308995138	60.70751518403224
1.991183774635501	60.70484460439085
1.992359254250378	60.712873946883725
1.9929048255915727	60.72073541009225
1.9927493313332685	60.72240912244895
1.9934032303373947	60.74116273846845
1.9961045506433028	60.807166997771645
1.9967293572680473	60.81749291198956
1.9978575025444454	60.8431659371186
1.9968907715699336	60.8201391558909
1.9972825306817643	60.84600650701729
1.999477097485519	60.88912080954963
1.9990311788268138	60.87818322883928
1.9983227834351862	60.8968026693354
1.9982131700843149	60.881037239344586
1.9989558855517133	60.872541577483794
1.9985864946408536	60.86392200677302
1.9992710772337565	60.86871447515189
1.9990965830898348	60.847395078616756
1.9991708293629675	60.84486144036738
1.998526253485669	60.816747585072854
1.999362151213314	60.83742027278059
1.9994783238828373	60.839910964071784
1.9983425721421442	60.82282550096381
1.9981741857135071	60.8314389807396
1.9986958651556366	60.84994096007229
1.9989749613909167	60.83889573627678
1.998478405576828	60.81904346606844
1.9987864144017744	60.80160984683437
1.9984946767649387	60.777032578999
1.9977045949815655	60.75934559583419
1.998991669765376	60.78650093774013
1.9991654275508632	60.805440938967955
1.9985625621453866	60.7861060691611
1.998010973241325	60.7610351217214
1.9972782432871663	60.74141139362306
1.9971114265190486	60.75355148621205
1.9975412036354867	60.75470941922446
1.996676829938663	60.73832183854654
1.995496181880553	60.72679102982705
1.995807668832408	60.72799421891585
1.9964784619245932	60.732910494822846
1.9970554755084051	60.742235918306626
1.9960872159299334	60.71179872302439
1.9954033084837612	60.6936160078188
1.995095686465717	60.7048687518845
1.9954797871519718	60.70475737025993
1.995403985761378	60.70504848424704
1.996523969752318	60.71300960658847
1.9973945504990878	60.724187537786044
1.9971136399879668	60.72543537030869
1.9974448463865824	60.734550185032354
1.9981721858411687	60.74142791342901
1.9993758274060998	60.755680952609424
1.9983506009513754	60.74854580051478
1.9975317657734477	60.72983342737691
1.9982536030133953	60.733070433335044
1.9979150374428702	60.7502573345319
1.997987887684155	60.72670510094194
1.9975753983715518	60.71325052222994
1.9981101738857256	60.71091447992291
1.9985957927587945	60.735370197774174
1.9994333375159636	60.752861500977154
1.9990219401540117	60.73594502622733
1.998726886250226	60.72257569963179
1.9983568383100283	60.71396644176156
1.9987258120144062	60.720784162456646
1.9978781819068059	60.7151891029814
1.9989743304876348	60.71958007822398
1.9993566438391566	60.74082338458382
1.9998109570454283	60.732784154842165
1.9998274984444486	60.73592735850513
1.9997477935043222	60.73962763681386
1.9995845125982694	60.73381154435918
1.9994026023953626	60.73786599671581
2.001312742548107	60.75679299543914
2.0004998685238693	60.745172222357745
2.0006061876580383	60.77530755528005
2.0005170237469896	60.75441576844201
2.0007333644505745	60.76014441967119
2.0003527935326373	60.74774748276753
1.9995877619972051	60.75819128996353
1.9999363063342843	60.76790684349924
1.9999703364650054	60.774960654887444
2.0002237985415277	60.75768987646027
2.0002108944036516	60.77019803593486
2.001010332160953	60.78331758176045
2.0035250035873045	60.824523743363066
2.0038926926141714	60.81431692979002
2.006503018724071	60.87562451726561
2.006182252915359	60.84461761116814
2.0059998378007915	60.84175899394753
2.005759275292727	60.83372112657692
2.0053195808256885	60.82305037729058
2.0055402478485607	60.79500533320176
2.0059173780181165	60.81931633586906
2.006994081901465	60.84445836365732
2.0076749667315084	60.87456635231161
2.008388903183835	60.892107209655634
2.008719320873995	60.89802766002636
2.0090598091209992	60.904261605517604
2.00889730515711	60.88850321594675
2.0100939760938297	60.91733627119685
2.009766148425657	60.92694499739376
2.0092754629321594	60.897903386092096
2.010397298762151	60.92113026537208
2.0097132450955355	60.89972980662481
2.0091199323540216	60.89449604910504
2.0087796091246073	60.8901991472333
2.008100847253636	60.85889893232289
2.008043987826968	60.84981781283543
2.0086475462949114	60.85742826251073
2.007305510294943	60.839437228452994
2.0078171464315844	60.83761753534771
2.0076836831125644	60.82958978662752
2.0084448389500893	60.85199724944584
2.0082993286510806	60.84693570718964
2.00845910268747	60.86438666863601
2.0077160186547705	60.85113925148929
2.0072959599693223	60.83442627704366
2.006270192450436	60.82249089369214
2.0060221021275497	60.8109809655326
2.0063267468301724	60.81293928294306
2.006782493462626	60.81949216841515
2.0068295163082284	60.82354034291789
2.0076841103629923	60.8290551908847
2.007511506339119	60.81005727928433
2.008843412293358	60.839937854068765
2.0078446743495584	60.82216387951526
2.0073759489700733	60.82368557830389
2.00690351069013	60.825062067916505
2.0069190931786287	60.83466766907937
2.0059183254583646	60.833022350289376
2.0057415121975146	60.833478831043514
2.0054696306848494	60.83103940501336
2.00485769352499	60.83454523287633
2.0051086154021687	60.83166658276195
2.005083965914796	60.80746741197132
2.004729895252682	60.796031372154104
2.0049766782375564	60.81253505501147
2.004303012186425	60.80757488528287
2.00312055948492	60.78067488641189
2.0020835623366064	60.76784796238174
2.0012870360525716	60.74292304319803
2.0008653501760127	60.716499307227274
2.0022373658749597	60.738102103675665
2.0026642916400466	60.75034309973059
2.0017638807054676	60.754417267755066
2.0016223749803626	60.74938175845558
2.001911856424826	60.75742824887845
2.001617781048557	60.76057137641354
2.002052416287366	60.75702227446907
2.0024147065317863	60.7577021813434
2.001419952961359	60.745939423633786
2.0024269549021727	60.759823245399836
2.0016073818438165	60.7342350945984
2.0038157265187264	60.76235194484148
2.00328426293732	60.764613621058395
2.0035840210812834	60.77935858309786
2.002962970548633	60.778845045163386
2.002635176200055	60.75867552191263
2.003763307780419	60.76371554754537
2.0030906433664617	60.74895804460261
2.0033666870213476	60.740871039652816
2.0029770956994852	60.72524458977612
2.003116619131349	60.72566835127971
2.0027076028053523	60.71890096755772
2.0025305076352398	60.70345348867491
2.002225921535747	60.70925286765654
2.0016078730659865	60.70238342868124
2.002165453635816	60.70922476953209
2.002573085020954	60.7115383897772
2.002753034654313	60.710093533605765
2.0032893665826106	60.73194903136219
2.0022837059588667	60.71639958892532
2.0028122963466646	60.73799605601527
2.0040314678135736	60.76183970666606
2.004769192944061	60.78977552786034
2.0054266809183874	60.79661125315958
2.005440787237824	60.796391291748435
2.0043088653630905	60.78004216982293
2.0042437689020876	60.79290644202933
2.005010512359987	60.81548473472072
2.00548967733602	60.820052415111284
2.004600902875876	60.826455276875485
2.004428411779643	60.814339677014175
2.004462893630206	60.827046423791806
2.0057091311365154	60.83947072832587
2.006535513547662	60.85769465145584
2.0060919401646955	60.83741507352891
2.0079713389378093	60.866060591953335
2.0079437651762033	60.867663925710765
2.0078738032449026	60.85263550470822
2.0089218947715435	60.86845213331469
2.01233404104334	60.93139111939972
2.013032986264403	60.95505125613364
2.012990144901733	60.95013049704286
2.013682991374376	60.970546899765424
2.013271096412694	60.96972405518321
2.014217857642161	60.97952147889818
2.0148560938413023	60.99524392361336
2.0145841108316636	61.004728515736595
2.013861389432464	61.00053056271433
2.0131854808626213	60.994673010537696
2.0132578058118407	61.00234319679385
2.013407168579526	61.00930269968096
2.012852429703738	61.004019147894354
2.0130438180086867	61.009205212123675
2.014923894085836	61.04739655256272
2.0154448953839106	61.05351082730422
2.01471783429471	61.05205558427232
2.016199086281433	61.066130735206286
2.0175789662381827	61.10131480104129
2.0194000962003966	61.14081680261347
2.0193304437512194	61.135144605699566
2.0194090490221486	61.14600783487019
2.019850083814839	61.146777063205136
2.021879956931897	61.18363843476767
2.022971485835695	61.20414050367889
2.0226816526521896	61.19486707189301
2.023486589206495	61.218716018763786
2.023039329699021	61.20468182791625
2.022662661707751	61.20773727464345
2.0217822085299377	61.17759179968867
2.021220174012501	61.16604048319255
2.020780776365716	61.16713112268469
2.020833727671964	61.15926993088815
2.0207953758913266	61.154614925523674
2.0209803463192606	61.15969677722141
2.019763611430388	61.131263550713314
2.019651679835718	61.12735355317248
2.0196927960528783	61.11327005151099
2.019540424575683	61.11702761180842
2.0211869360660075	61.1545126229382
2.0208371882814626	61.14342920007334
2.0207444763191265	61.14012385470834
2.020528690465827	61.118363510971704
2.0205371705229935	61.11813609924265
2.021542047209439	61.13922559158276
2.021290833419639	61.142906259595506
2.0218463941292653	61.13280995840943
2.0221404964354988	61.1324510784653
2.023002899345786	61.13757684857958
2.0230193810279604	61.146421323591106
2.0231133071178236	61.13421518608518
2.022913681155065	61.12484415325551
2.02233395099998	61.1039957725041
2.022733163674078	61.10691051290539
2.022080575147639	61.104239020132184
2.0213062604480134	61.07461115031538
2.0209956146528265	61.07641771941435
2.0208915802792626	61.07574914509563
2.0202450575960698	61.07606161632195
2.020064389011714	61.08173646684087
2.0194688011419526	61.07773747547165
2.0184815857289955	61.0734283472644
2.0187529706885297	61.058041331435106
2.0191681349913804	61.04994049330794
2.018467644814926	61.03695279982276
2.0182576307182765	61.04741543623896
2.018230229675616	61.03461337944202
2.017986796091829	61.049777089132384
2.017490994425178	61.03142731618751
2.016650897155147	61.01987345825882
2.016567899629242	61.02260410902673
2.0159851732741974	61.010202071167015
2.015795466592292	60.99824481916729
2.0162964162861194	60.99291939851932
2.0165413426753447	61.002709902613546
2.0160668746640136	60.9907333947565
2.015575112926983	60.98107541162924
2.0157316853011666	60.973956304280996
2.0155935608925084	60.972151331419184
2.016755819772645	60.961433301644306
2.0177111675887036	60.96721688238448
2.017704392441006	60.96943740578243
2.018036359773851	60.967752782854554
2.0176367101538393	60.96093126824686
2.0174318226632266	60.945878746387194
2.018507122813685	60.95542607763842
2.018845581527168	60.97372357592288
2.0186425204483522	60.98128173325871
2.0179991957269707	60.961458482706696
2.017944588364897	60.94538367162414
2.0170921999779092	60.9501137072521
2.016516036430365	60.9463168613298
2.0161403181771025	60.94014861329905
2.0156652767851524	60.91977615844274
2.015755438498255	60.910911057807034
2.0157007563372034	60.90885705841242
2.0160253852540873	60.89874842183378
2.015569672799036	60.898523868111695
2.0153132087535774	60.90151250593405
2.015591857288338	60.909529276460276
2.014876862515206	60.90419064210455
2.0152981824322755	60.90262523137142
2.0154865957809136	60.88850518809005
2.0148214308552133	60.86248837437698
2.014641680606641	60.86774174097862
2.0150729062445225	60.8831454305056
2.015669078143675	60.90076695748381
2.0156006580398746	60.90106965161745
2.015865603736999	60.903166582998516
2.0161009348463255	60.89336066472482
2.016340794435405	60.911244102189414
2.016402435528752	60.89622740032613
2.0157740268039595	60.88512284501146
2.015802967141908	60.88013828045175
2.01678796159026	60.89307128034692
2.016146912784576	60.881579438827444
2.0173200547222976	60.90022806692852
2.0173841869677465	60.87176906153928
2.0167229581800803	60.867872469939876
2.016977935732044	60.88342142707504
2.0166365164481803	60.883681022872196
2.0160854961150223	60.874869598443276
2.0153364537783625	60.865503270699605
2.0148625926459367	60.85354795378834
2.013984223910243	60.83751496227956
2.0141111529136047	60.849116714555116
2.0147288037554816	60.86739724350213
2.0149317705759846	60.856894227561526
2.0161960295217387	60.87576542545038
2.0157724147623166	60.862628805205844
2.0159889941094162	60.86072018737008
2.015956763753793	60.8675041501048
2.016275303565013	60.863297028410635
2.015877141910093	60.86441186996497
2.0155739778080806	60.83608487484763
2.01716310256744	60.85953221875391
2.01681929362029	60.86227816242853
2.018526185149852	60.88395058144955
2.0197365964938045	60.91212658051034
2.019953234944785	60.913021216846666
2.020521462660668	60.92185073402618
2.019913517468495	60.89523374103173
2.0196742784284503	60.88776016473687
2.019803647222919	60.8913995972318
2.020224449216835	60.87451772211293
2.0206105311605858	60.88059526114795
2.0202887064753674	60.86269679770701
2.0203661896878105	60.86215444196662
2.0198642097216797	60.854770366217096
2.020509507745094	60.87133551543065
2.0201586134122262	60.873784659664004
2.019047931266949	60.86390083754709
2.018503199690431	60.86045119493365
2.0179056201187886	60.84216823616816
2.0180784133765886	60.83655334925825
2.018758836858784	60.864725563972186
2.0181190597740892	60.8689055982961
2.017608898546273	60.845333508430784
2.0171857250364122	60.82966641344414
2.0169154913632927	60.83702039677404
2.016113390682091	60.82830447727933
2.0157803156368512	60.82058275208535
2.016051596147078	60.82059925193671
2.0153630975952836	60.82049999676042
2.0148634181455876	60.82082544044328
2.0145932488056677	60.81758219425943
2.0142168170657455	60.808506668867444
2.014337179477713	60.79874999089507
2.0140259241795415	60.79686756252757
2.0131534149869177	60.77802734450273
2.013233056431638	60.77489350045811
2.0130628427292017	60.782444820520865
2.0124708058189573	60.77463730265746
2.0120940115269064	60.76031775120988
2.0114719043228773	60.7411920859917
2.010838031810101	60.72430410643652
2.0122549859884504	60.76416148031408
2.0115091886992116	60.75165847337375
2.011134575777649	60.742585116962694
2.010211630833025	60.735036630199794
2.0100267289175338	60.73941844453552
2.0094907501804444	60.73833794024801
2.0095763311149666	60.74053931992749
2.0095654622441996	60.752717641428376
2.0094451902600365	60.751263163494954
2.009483011535071	60.74171350438799
2.008574427802067	60.73957652955986
2.0094616496586197	60.75057303532785
2.0095716196856928	60.75607128803658
2.0101097488015554	60.77707857496283
2.0107420920740173	60.80349646491774
2.011070374169744	60.82327828355193
2.011447855172062	60.82402683669731
2.0107936688269743	60.81152151505192
2.0105068829760193	60.79220711228103
2.0111353377725147	60.81080875848874
2.0115175921634822	60.80409195799587
2.0107915582532643	60.78686063119708
2.0104130567006138	60.77757782031833
2.009931535854053	60.7702669360913
2.0100137695865556	60.762185510104686
2.0094147977228163	60.76147631701442
2.0090611972092636	60.760540093843886
2.008201894966446	60.74682813260167
2.008762970280791	60.75324017711554
2.008374892082801	60.74362686381808
2.0080324688418183	60.72780023196792
2.007543631995811	60.72272096415878
2.0077256150764313	60.71771052466111
2.00751087332192	60.71333528356594
2.007317300916928	60.70707585590371
2.0073482095238067	60.70256957480873
2.007021944354132	60.69230366784836
2.007764117323579	60.71183362851499
2.0079852372469476	60.72063604799909
2.0079960609404752	60.71052535918336
2.0083526126855866	60.705872423510904
2.008508704302997	60.69769312640875
2.0088265060098234	60.701928544744106
2.0085182948900675	60.68975601376931
2.0087231819499665	60.703082249553276
2.0086879319269157	60.681694614568755
2.008123054676178	60.66926725098353
2.0089193009494926	60.68550282581992
2.0090443163942764	60.6789855431621
2.0098701599211126	60.706080770613646
2.010147369913647	60.699212725072755
2.009961412975662	60.69823778027534
2.0094803469143234	60.700742611657674
2.009770970728487	60.69926777512814
2.0098234230632657	60.71290340431366
2.009237691178781	60.69981772551254
2.0087124368584153	60.693495077524226
2.00818057839827	60.686955427269204
2.008032895893721	60.67966458139939
2.008122735286315	60.684489488601685
2.0079031045132303	60.66763766087674
2.007971101700787	60.666881003508486
2.0075100656867804	60.662442761999685
2.007330399819642	60.65911718744127
2.0070349727849566	60.66211393765289
2.007003553181366	60.660799281162554
2.0069518682708534	60.65396841679683
2.006694989240565	60.658095950223434
2.0070407436531457	60.66328040930071
2.0076097632279555	60.66543373315565
2.0082639330594634	60.67507048856432
2.008344899865641	60.682057879894565
2.008294677220263	60.68019312752021
2.0080185912013726	60.678820566462335
2.00848823338587	60.685348438207484
2.009192630596418	60.68193690244753
2.010349095408008	60.71653888714012
2.0108500232042337	60.72404754821961
2.011009393387518	60.71396704686317
2.010663403809017	60.705640897362066
2.010775272738494	60.72083507908874
2.010731086447653	60.72887868836685
2.010966105200742	60.74776728916252
2.0109228169956643	60.74128311264272
2.0106238308706175	60.74401917469168
2.010379432900806	60.73871465568643
2.010333810379963	60.73699635574029
2.0119415760088644	60.77315476995385
2.0115794410702397	60.773951186585414
2.01207968009792	60.788725832910465
2.0121850328511335	60.793981009587284
2.0114330827676254	60.785372257780644
2.011559034028114	60.77198380097368
2.0118846310501675	60.77427254138031
2.0116374383634072	60.77127842144999
2.0117294066493594	60.77372333852148
2.011246496025314	60.77319009240906
2.012801759361593	60.81024833564282
2.012915614158653	60.80856057033938
2.0136516190034413	60.83046303363042
2.0133715400747776	60.826456189619826
2.012857630872868	60.80342615589633
2.0130932936872936	60.805441040147514
2.0129336197529133	60.79075325628784
2.0128834269143954	60.788921682267315
2.0124150736802173	60.78636716269139
2.0129072418323792	60.803289532624106
2.0124410196670595	60.796015625608895
2.0123727032557253	60.781740995118014
2.01287973793848	60.791986463070664
2.012390122786042	60.779254499811955
2.012007635374303	60.769754128960734
2.0114300324179197	60.7661949009795
2.011533069787343	60.76897802078093
2.011586873521217	60.77500383803256
2.011706309063692	60.7735537391799
2.0126231123195137	60.791474990995866
2.011940583065181	60.77761584419229
2.0119260227911218	60.769779187568474
2.0114651914466988	60.76496008665987
2.011834413703707	60.77108057905671
2.0124129422466708	60.776474745447835
2.012412955756485	60.77851237408626
2.0122063012291473	60.77900113301534
2.012248971647538	60.77762490131739
2.011904441941167	60.77628001798818
2.0118623287880077	60.78171418675315
2.0122418278970273	60.79285131039226
2.012889310818018	60.80506278486597
2.0127811138600746	60.79445782572573
2.013352624863938	60.80205798441327
2.012648828379926	60.792165287408345
2.0122121402279203	60.78565550485417
2.0121680526174797	60.77701065344877
2.0123280268170953	60.77919841984545
2.013238864811504	60.797085939822665
2.0137045976729544	60.80619336615156
2.0131804817024253	60.80400629323889
2.0128193073505165	60.80439713739148
2.0131397075988904	60.811434200098596
2.0125393749544758	60.79298161549173
2.012427020108719	60.78232056058295
2.013374509367878	60.803680214554205
2.0126272073294436	60.78543077982738
2.0119136154115282	60.77743377921998
2.01185339382088	60.7822242188691
2.011145236710571	60.769736055416885
2.0114423340749226	60.7691578661318
2.0106350633318875	60.75826829780363
2.010664537808274	60.74271272817194
2.0102869625925917	60.73558460449778
2.0103828771815637	60.724375571167194
2.0102257326317114	60.721611819756404
2.010621624631436	60.72866976542055
2.011487449552566	60.74992659543381
2.0119292816401995	60.760673928538566
2.0121582443726456	60.77186423654874
2.011798251882531	60.76526065246003
2.0126429381654893	60.77903064876445
2.013239064604742	60.78073971331812
2.012945138004023	60.7784246268064
2.012310888706064	60.77266500490348
2.0117296953400814	60.770765361095364
2.0114543605934916	60.771246814230764
2.0109324682417116	60.76881927703234
2.0106952048471802	60.76359460502417
2.010903056807236	60.77181860924445
2.011140217204749	60.78092601762714
2.0111718802295906	60.790635202469
2.010533133090481	60.789148970793825
2.0110775201178988	60.78937162052016
2.011402715065943	60.80112771657885
2.012106176855406	60.80845431344945
2.0123322079671877	60.8194819969467
2.0114870415111903	60.81170261002041
2.0112094478838403	60.80070208386127
2.0121492840960298	60.8084339034583
2.0114014626925143	60.79678772426676
2.0109108231375474	60.78162031000002
2.010459240117918	60.785659994713576
2.0109530410957634	60.79798745978272
2.011166461525413	60.795088934847186
2.010825163545024	60.78892881244412
2.010036216100647	60.77596840812798
2.010057788862706	60.778515274311694
2.0096779140300556	60.77340810113963
2.009185887228546	60.767140971236955
2.0093710266824836	60.77686012806291
2.009401705616421	60.77966244033766
2.009442008436289	60.78723035174628
2.0103812681954936	60.799610098080215
2.0117252735573543	60.8197732384454
2.011952721862764	60.82630580086876
2.012371953370234	60.82524363241859
2.0120694691100565	60.82022771051002
2.0114682935752626	60.810632203916484
2.0114116333191623	60.80857755594031
2.0113447911023137	60.810665876887114
2.0119588642586987	60.82221531904594
2.0127665724497166	60.8418479487681
2.0128477414147445	60.85507466692337
2.013015573978475	60.85980605710256
2.0131151354163883	60.851380515216775
2.0129507031581886	60.85716083682413
2.013106863093642	60.857109437003935
2.0128459399791283	60.85552558164743
2.012811107145213	60.845282323193175
2.0134431761411546	60.85300204088451
2.0133608650429795	60.843563699075155
2.0135543267148313	60.84467642841519
2.013618300538611	60.852906571819624
2.0134817630583366	60.85066191567192
2.013532666733453	60.84527237854644
2.0132927031251886	60.85090374607758
2.0129615955520404	60.85376363692158
2.013072189437856	60.847980303511385
2.0130556531990083	60.85154336662723
2.012366132271333	60.84572873887162
2.011563796548619	60.823319727984035
2.010973604966267	60.8138935778882
2.0107058562769455	60.80982607768528
2.0111151982436994	60.810914952737825
2.0104772832872975	60.7934681599529
2.0110573649327903	60.801928306573835
2.0114730569424895	60.80761154101977
2.0110435462202108	60.803016623536756
2.0112464742620433	60.80445548051268
2.0116901783480765	60.808824427180426
2.0115430299631782	60.8040486529301
2.0114022196169774	60.78207879997779
2.0118515750553945	60.79100051915035
2.01263898744364	60.805801399020766
2.012677945555467	60.81318005328809
2.012745358352636	60.80407336262504
2.012351858404666	60.80704194556768
2.0121531232302807	60.80938317935023
2.0119786721833064	60.814610784383255
2.0118593663626068	60.81716740702311
2.011473484092831	60.81381757238781
2.0120397994589716	60.82844561113653
2.0119101048927117	60.81340367575724
2.0121635030695146	60.82289593556008
2.011842973897038	60.82796787168822
2.011384376730482	60.83531052797083
2.0116744370835153	60.83727308111557
2.0119882832722453	60.83135833100832
2.012094708391639	60.84069241404298
2.0119569091645166	60.84048547257708
2.0118881327617206	60.8294781635674
2.0112755304230765	60.82778271024189
2.010552930584205	60.8248797464739
2.0108544448211245	60.820785090960854
2.0100162168559828	60.816492361178945
2.009959600673701	60.81869662907601
2.0095740518772174	60.800250168297396
2.009344502919756	60.795080896279636
2.009425223614424	60.8078383222394
2.0093632137645407	60.81199631280406
2.00936908367003	60.81820127108068
2.009276923493294	60.82143167939012
2.009762249100072	60.835741977887444
2.0091432550923085	60.81875423302913
2.0092694511905336	60.82432137531328
2.0096056045644772	60.81710414519125
2.0097170290331583	60.81373407428376
2.009873304710966	60.82234398753647
2.009849969428126	60.81278627125166
2.009728870990946	60.79816738757245
2.0099787438637877	60.794789469917745
2.0105478017640124	60.79685085460226
2.011608014685815	60.82857644298991
2.0117228923904986	60.81693000145708
2.0113057146064426	60.81032582451316
2.0118465545926814	60.81369669457827
2.012368241730798	60.83125620780517
2.0121895529586804	60.83817551474067
2.0117315756576906	60.83242314207632
2.011476461516801	60.818065324880365
2.0113549148121277	60.805656410694766
2.011028130649597	60.80385540883265
2.0102663822456335	60.79728468597481
2.0098644445199247	60.788985686425086
2.0096316412481303	60.781604516417005
2.0092035105015054	60.76831621825192
2.00879888893873	60.76620098250375
2.0084795916288423	60.75828754291009
2.0084502836047355	60.754964906810706
2.008696879653974	60.77043354535026
2.0086783474244028	60.78413744156587
2.0088307007725583	60.79047516866887
2.0084673232389436	60.781203609249935
2.009015666376282	60.776597334821716
2.008931076921123	60.77993721699316
2.008860619783697	60.789940966552784
2.009145749208086	60.80029087122125
2.0089580773581215	60.798409827132275
2.008604589021296	60.7873500376452
2.008358715914057	60.779547661155135
2.0077336203730574	60.77063876945042
2.0077770668984867	60.76744097141094
2.0081173199174613	60.781518174596044
2.008900904268962	60.79865616473299
2.0095182334386896	60.81697741025788
2.0096316004093944	60.815909878330174
2.010094262000848	60.83575564208766
2.010113937893061	60.829790400652215
2.0102703020819566	60.82590699562386
2.0104709667211145	60.83988049423073
2.010201432249853	60.8334295579146
2.0104063706250295	60.835152812159784
2.010749745452738	60.84107062027916
2.010238839645262	60.833491172916986
2.009877334179864	60.82013959581291
2.0098810085118175	60.8157881280132
2.0095680369484015	60.801862774615664
2.0088812378874152	60.79509009742222
2.0083434924165564	60.78870743214632
2.008073697870382	60.78632365638402
2.0078070393223735	60.77788518963197
2.0077989186277745	60.77522793123644
2.00778228808593	60.76822906172914
2.0073781158021076	60.76176288762309
2.00733969768406	60.766359948327086
2.0074126763425104	60.76616265418358
2.0073947422050606	60.76933192896457
2.0077248471277285	60.76673494444154
2.007615987476741	60.77325984565058
2.0077004738759223	60.771383522472476
2.0071026626045114	60.76715707643307
2.0070424424404703	60.769027438494
2.0069888416649873	60.756879532792865
2.0068469975649506	60.75019159577813
2.006541548536513	60.74868990285317
2.006616689956796	60.75667504658017
2.0064050378037175	60.76002055008968
2.006513542501266	60.75685577068545
2.0071821089344377	60.77672591177665
2.006896693276278	60.76164622024969
2.007016210211932	60.76287609242867
2.006490635732678	60.75668844499756
2.0075473260105405	60.774187127962804
2.0078526147019953	60.787098469691166
2.0080814382765397	60.7876145964168
2.007623206754945	60.773382132424665
2.007549168112114	60.764745429303225
2.0070665548708178	60.76184151051472
2.0069902595931275	60.767205085577785
2.0076190127135853	60.77181549392394
2.008250233302667	60.774511107542196
2.0080489248989513	60.76406253311767
2.0081277828650683	60.75809316722198
2.0084057371733333	60.7641627786188
2.008203196311659	60.739705115534164
2.0087281646542685	60.75725636198426
2.0090611293101195	60.75901503367705
2.009607997753171	60.77523366531399
2.008616131597671	60.768847317808635
2.009443976733674	60.78358760981013
2.0087401212683296	60.77790694841968
2.0085493040768836	60.78175353941399
2.0082949246977444	60.783665057299174
2.0085772513056583	60.79584007164529
2.00959215094639	60.808302530251765
2.009820543022714	60.79103041168787
2.0104856057970943	60.80288147415745
2.011408130119422	60.83244712169725
2.011482176348698	60.84230172133063
2.011223032144102	60.8480188573044
2.010809364932115	60.84111601311356
2.0110492681764858	60.84011555435113
2.0112657935628406	60.8562333458479
2.011031265394368	60.8586938857474
2.010656397897882	60.84502917694732
2.010210892056368	60.841085826060834
2.0104473488357213	60.843945216008926
2.0102731861744902	60.84425104809853
2.010932405684228	60.85596415094657
2.0105217342153257	60.851078993362826
2.010727571873662	60.8451422471295
2.0107041334461595	60.83622223212071
2.0102503874398905	60.82805944296059
2.010428270957215	60.82721019133161
2.0103597974200875	60.814989904964726
2.0097725414622496	60.81259282694641
2.0096657068444337	60.80118320313937
2.009459926814971	60.79462806944281
2.009069400114932	60.77857009122275
2.0093540771600558	60.77316809709887
2.009502446783	60.76952433461968
2.0104475078432715	60.78022043098355
2.010340272692433	60.774728401757024
2.0111723760764693	60.795686031028616
2.0113075258230158	60.80337366941647
2.011050222629557	60.8011404122954
2.010991840500702	60.78739859475348
2.010608526913447	60.78524083613404
2.0104070178986406	60.773021203066655
2.01036144164492	60.77134903733835
2.010590521563791	60.77021886504372
2.010070948256583	60.76391884195782
2.0097541920305018	60.759861408122575
2.008975211983347	60.743756931786315
2.0091938401189853	60.74812999843693
2.009092230875651	60.74669089293186
2.0084697854838867	60.74302893426936
2.0080530777653736	60.72432196288884
2.0081871849159336	60.726140814910316
2.008003168207701	60.731843118734545
2.007942769633087	60.73163199308191
2.0082950941915723	60.73619485956445
2.0090637512678304	60.745652220312046
2.009052381063622	60.74693240970161
2.0092722865743724	60.74943463036286
2.0089677157731383	60.75530273293868
2.0083358291965347	60.75125366670868
2.0079954080881364	60.74831997207508
2.008108115044235	60.73989485164071
2.00822711426372	60.74701584850511
2.0079042805678644	60.736934863148676
2.0083328614028932	60.749583736691136
2.008496524909641	60.746563248183506
2.0087455738042963	60.748048052771566
2.0086519082389995	60.750643917801646
2.0081580369018237	60.741128374221255
2.0073822893076825	60.72880407958365
2.0072173058806424	60.71967913905692
2.006906842710779	60.71568973609886
2.00768283946019	60.72360469144778
2.007414162482363	60.72278363750653
2.0079060247702407	60.733542515557225
2.0086860154804187	60.7568240945832
2.0084539365805076	60.747592942378525
2.0080684824067245	60.74892359751449
2.007998560420282	60.75218853730477
2.008238974075496	60.74395997782816
2.0081193063609466	60.74003021665571
2.008536466994057	60.739074901139055
2.008804356639449	60.73930211527438
2.0084312740153023	60.735292059318475
2.008101272021152	60.732574980836226
2.00782920634169	60.72782116349953
2.0076696970352446	60.728355647838846
2.0080107018953224	60.73081034400063
2.0075247743309044	60.73089858366488
2.0075033311346404	60.73370734045177
2.008375726619571	60.742821404481084
2.008859298661185	60.75337524222494
2.009074864950359	60.75582798962876
2.009218557032259	60.7636362326367
2.0095572172552956	60.76041651642397
2.010068173577095	60.76054503041218
2.0111419275258586	60.781454305961
2.0110279118317824	60.77210540437141
2.0111877943357217	60.76541987259178
2.0114347057479134	60.77074223963616
2.010825727481846	60.76143658771806
2.011130737988274	60.761032089169994
2.0113032027991724	60.76037295705826
2.0110520997082624	60.754395787513346
2.0109366343291386	60.754380533361946
2.0108478239479677	60.74957044378387
2.0106936811622798	60.74838131376656
2.010641782429978	60.740962965041305
2.010592802967217	60.73922485076613
2.009976793290236	60.731517155789895
2.009705855401142	60.72864340229255
2.0092304788865722	60.721442550700736
2.0100546155451458	60.72379234033848
2.0097467659973858	60.71794440339898
2.0098154289037424	60.723467356311126
2.009862020029391	60.71905401233933
2.0101679264383256	60.72433362061816
2.0105394285929115	60.727897421375594
2.0100795308406822	60.72855120157228
2.009721846307468	60.72672899650009
2.0093531306882917	60.715322975014985
2.009165035032682	60.71122130526293
2.0089092609497285	60.7013824692911
2.008873294521925	60.7000320002849
2.0089020843443786	60.704323940092394
2.0091919753552827	60.70913471484276
2.008496165162396	60.70257098871076
2.0083155263782873	60.70419941987408
2.0087487218631863	60.70782271730198
2.010287984956376	60.735687355422904
2.010317971293137	60.7455205072462
2.0102931635609513	60.73165638499841
2.009717029394813	60.71766365525773
2.009840853822028	60.72481362978886
2.010093378704949	60.72119184307024
2.009443615249123	60.71229353026966
2.0098672581506847	60.71385698057004
2.0103885116018665	60.73300876298085
2.0115211594853846	60.757829267771406
2.0117257991787816	60.765589824870624
2.0119720106235697	60.76547273831208
2.0122303240218646	60.76755500168424
2.0126183701035174	60.78085731951957
2.012641046750944	60.77947767012771
2.012371005811445	60.77472648720099
2.0126756252641154	60.78914815249249
2.012737679301359	60.78895713462321
2.012340956103891	60.78582738895182
2.0120217706707515	60.7759373074622
2.011737238255578	60.772544793092955
2.011548471228156	60.77022275720924
2.01202774271882	60.78263347949035
2.0117934630920926	60.780746306361955
2.0124621320794622	60.79162632824555
2.0121238972086486	60.788407989313626
2.01156934231585	60.78045571305413
2.0114853846888403	60.781280980086166
2.0112266473389586	60.77320274232445
2.011384154389351	60.77951047665616
2.0109622979623647	60.77734403210384
2.0109690331145043	60.7881199271851
2.01131734583842	60.794764191668236
2.011423430466625	60.794090983477545
2.0114651995674433	60.79688923576845
2.011191840610923	60.79917447475991
2.012046095049762	60.8139098911182
2.011975373619836	60.816907548435545
2.01247042923395	60.82799983669582
2.012318068223082	60.82132701076582
2.0125860190547455	60.82376429258702
2.012300420116999	60.809480102960954
2.0121494790898615	60.806453913182764
2.0119408456154053	60.8052705668359
2.0115430814649433	60.8091253696993
2.010974244138952	60.8006189030531
2.0107389310035377	60.79143515368331
2.0109377329417004	60.8043319041947
2.010853862424928	60.80509530955425
2.010457547221399	60.798195404475656
2.010177505010414	60.784079574073495
2.0102052517987006	60.78642347003379
2.0103483397029183	60.788682840714195
2.0106811195199215	60.79489579394435
2.010031730201142	60.78746391823517
2.0104006552663933	60.8072503226943
2.009852157288178	60.80106192411736
2.009574543054732	60.79414857552514
2.0094062853920804	60.79054152722603
2.009361319989684	60.79066263159613
2.0096235380588108	60.787630141469876
2.0106660205880553	60.80287884888487
2.0104229060022694	60.80767433721122
2.010246412623001	60.80382196670364
2.0100833322361504	60.79505248064199
2.0099131550314127	60.796708281178674
2.0097704842685262	60.79387331627278
2.009548932635391	60.792191588321685
2.0092029416450257	60.78850870908757
2.009500971565685	60.79545841940156
2.0095743306139315	60.795613077956254
2.009277014578067	60.793389884440046
2.00911136319063	60.79690874978073
2.0087128348439514	60.786310007514025
2.0086486946189557	60.791120818687034
2.0083900547767217	60.77945888213253
2.008652345491632	60.78885262154232
2.009176776658666	60.79561036730219
2.0088926710084825	60.78847224857117
2.008405188611495	60.78221282711707
2.008417069185914	60.78929831641534
2.0082259563783986	60.784960727548835
2.0087571359105936	60.79721421952697
2.008733385564873	60.789165774693224
2.0086737492204954	60.79407348194683
2.0087996000877286	60.79056148208384
2.0092700559706866	60.80099019996302
2.0088173189294283	60.795744525113605
2.0086365183447765	60.788216734227646
2.008865182436051	60.78783621678689
2.008510748482341	60.77506359620229
2.0083843540705826	60.769194132637516
2.008807414682374	60.76773643477223
2.008766401671958	60.75400335142474
2.008618295082906	60.754468437577465
2.0082942189878437	60.74960501220651
2.0078909738460364	60.73712026737577
2.0079760666216555	60.73766889449559
2.007959909267554	60.73168210333379
2.0076597515713535	60.720585714889644
2.009845801862623	60.770791819348716
2.010341618168531	60.78377655334255
2.0105288180363683	60.78396301469801
2.0106753627152654	60.78639310268813
2.010481171191021	60.785453644607735
2.010323050236226	60.78559911360758
2.0098170329934217	60.77868014138532
2.01002735175956	60.78130518327603
2.0099254353167866	60.78486525747933
2.009544857213427	60.77653435114781
2.0097330715461235	60.7767673813999
2.0099852060519643	60.78929529803747
2.0100838965347263	60.786826356767165
2.010016806527647	60.787971048296946
2.010709745547751	60.80347969653797
2.0111067201946677	60.80659755013825
2.0105863303881546	60.797480138931355
2.0107665417563902	60.812982953543155
2.0109232505928074	60.82088596388992
2.0112002569312204	60.83414484952483
2.011500198715523	60.83949739672296
2.0110084612578767	60.83121680405317
2.011021806570875	60.83477213421488
2.011349530566169	60.84268491553695
2.012196862203898	60.86974943407551
2.0123472467115846	60.86543815780691
2.012701141206422	60.870720483827604
2.012524439150514	60.85653719993415
2.0138033558331325	60.89493962816357
2.0141873385318974	60.8925878592584
2.0140153495901494	60.89909889540101
2.0145268857608043	60.90403818040116
2.0146001663064235	60.90086513248223
2.0144698492991386	60.903496387899814
2.014217819241702	60.89049441166498
2.0145420605907614	60.8795761347845
2.0144725384010527	60.87893056641342
2.0143218764574318	60.88093921850335
2.014421622890209	60.89051018592019
2.013714765984639	60.88930413433574
2.0136210397433607	60.884502306884414
2.013623437544479	60.87921004562781
2.014187941028383	60.88752031148042
2.0142863766700607	60.88854071310048
2.0138852085503327	60.8778541605123
2.0138822367645792	60.885985904588516
2.0141326335322836	60.8983807615026
2.013702641445278	60.88342164141855
2.013881087603769	60.87162608422119
2.0139102323415523	60.885788358366746
2.0147412541443144	60.903885049373635
2.0152982080773283	60.91370142925298
2.015159688500677	60.914331598074966
2.0153555267299477	60.921685718455464
2.014817794509774	60.91868088938436
2.014594516212153	60.915042393583064
2.0152292720425478	60.92384943031815
2.0150748185724234	60.92397883055951
2.0146995220907558	60.922480575382565
2.0144270497896914	60.91902754475477
2.0140299807656956	60.91180045188432
2.0143416369947467	60.90581506847364
2.0142960416891684	60.8974514608105
2.0140268203207454	60.899131124510824
2.013710634285434	60.897701111231115
2.013373671276647	60.885564967065605
2.0132947760942277	60.879558931454554
2.0130413229087667	60.87665705690298
2.013194096972643	60.88771053276843
2.0133035737538827	60.89075103502123
2.013198606580497	60.895674617292
2.013340689212598	60.887988217458656
2.013221686037253	60.89080801612888
2.0130074495583443	60.88739876867518
2.012480484140442	60.876196015315045
2.0124659913064744	60.8738136693073
2.012531144681088	60.860503025740925
2.012237441650851	60.85302190974372
2.012076151089607	60.849543368681005
2.0119170613830546	60.85112241721676
2.012143231390669	60.85270258657212
2.012030209816754	60.844030990640185
2.011870561959074	60.84558432212159
2.011934509947358	60.85389405059002
2.0118223999448994	60.85023261030995
2.0118669951293318	60.84965225155247
2.01206776789188	60.855455655505935
2.012146803230673	60.852605719823835
2.013003622297665	60.86996912154329
2.0129980751249357	60.87119591213094
2.0132366654095772	60.86822131312986
2.0135930638699846	60.86881990965537
2.01341952591229	60.86332376618291
2.0131808593042915	60.85916145105908
2.013723979223354	60.87863029692052
2.0136180913479493	60.87187628453058
2.014051894604757	60.86989965223449
2.014655264963177	60.88789230321486
2.0144991032769775	60.88293021611306
2.014257588800496	60.87703482367564
2.013897749581877	60.8708513949692
2.0140754484759587	60.88419988201288
2.014184007963609	60.8839443696717
2.014969272457403	60.88771760148254
2.015048094239199	60.886579791992986
2.015185506136016	60.890497313048655
2.015465350744299	60.9019989693169
2.015465073640033	60.90503356339245
2.01523731780925	60.89627537115434
2.015069570772939	60.897520137014
2.0149837041236496	60.90123318900383
2.0149156152130208	60.90220492463929
2.015073240364246	60.901818853064405
2.0147139289449014	60.89398639245181
2.014203129618027	60.88320421265637
2.0143311386871927	60.886828407767474
2.014621908671334	60.87905896859674
2.014594285622203	60.87798840470777
2.0143731398611027	60.88084550376342
2.014219495097549	60.86781998388771
2.0146271280151358	60.85712583029163
2.014322495312364	60.85745271499571
2.014211177051426	60.860360688397485
2.01379423728415	60.855651407776875
2.01393280528571	60.85148654437238
2.014325207320563	60.85662242254384
2.014723461109042	60.86194105089122
2.015174074760689	60.87046763825979
2.015819451453699	60.87030487580078
2.0160786016894208	60.88115697118509
2.0162888999146436	60.88891355656395
2.01599829113507	60.88801086971751
2.0158629795219993	60.877242518749796
2.0154896778818383	60.87060130919446
2.0154169622857436	60.86496159607321
2.015888342297375	60.87414336348596
2.0163201381706215	60.87084788113389
2.0162535869696003	60.87669326512006
2.0159305744730602	60.86995559633843
2.0158761550667466	60.87293436039721
2.0162022500073427	60.87452627291345
2.016285978491945	60.8800653438747
2.0158891582865763	60.8759134302172
2.015777210781821	60.873928706572784
2.0161910892069472	60.89264105316391
2.0161609038324873	60.89472614086445
2.0164139924004387	60.905364525927375
2.0164153783330354	60.91321195577693
2.0159867444485084	60.91126954652527
2.015488464910599	60.90881388614454
2.0153922274824057	60.91208343321133
2.015074172683178	60.907040158433
2.0150736703750605	60.90838723286363
2.0150098602815163	60.90461821247088
2.014810201261306	60.90474336161712
2.0147232065671874	60.90187188807232
2.014284239923041	60.90274387991481
2.0144759815412465	60.90829245081816
2.0157013357546343	60.92752098412253
2.0155568828210124	60.92770393787542
2.0156064269750065	60.92257899367588
2.0156690187522277	60.91785636930004
2.015469519240707	60.914779041021404
2.0156683196156355	60.91099844055901
2.0158999059323013	60.9161750010628
2.015458680031734	60.90579311978412
2.0152110502064176	60.89966847659582
2.014818362007954	60.89074665319038
2.0145337865635	60.89302648263307
2.0144550027709127	60.89358091225119
2.0144560316800946	60.89337239231158
2.014648640978484	60.89261356895198
2.0150733796972884	60.906800189505496
2.014908238025431	60.904740161296
2.015438973277741	60.907878429988756
2.015392258843501	60.8999079026599
2.015549454175416	60.901268460187815
2.0156671489766005	60.9125009585543
2.0155494578026567	60.90871488338771
2.015159299588784	60.896695310810294
2.0148145916476463	60.88920457914884
2.0142536842972927	60.889367952656826
2.0141709026188255	60.88347389445765
2.013919082054344	60.87562480629112
2.013775070470445	60.87575787825045
2.013352374786828	60.87060852926567
2.0139538636106997	60.88225772269144
2.013654887098259	60.8824136956041
2.0137539065062824	60.87259196065936
2.0137171505329095	60.866533151599825
2.0137037280360675	60.86746206152518
2.0136944236051995	60.85910437832687
2.0135711645646683	60.84731361785393
2.01402011240971	60.85595512714082
2.0142030370650597	60.86282384318025
2.0137271411704334	60.86230089948305
2.0135880883227752	60.86412358292576
2.013870863062933	60.86305501205537
2.0137870038473045	60.8602911577403
2.01420396815099	60.86485450222588
2.0137739214199297	60.857876779385414
2.013644377682692	60.85061441881297
2.013613960852275	60.84635162754168
2.0136082540249114	60.842839337056944
2.0134536322091856	60.83483148289174
2.0129166801852856	60.83238939554411
2.012792928116755	60.83308806950113
2.012728854185323	60.82936732045775
2.0126033232635447	60.83311412420016
2.0124894913660683	60.821676287676624
2.0125189203530924	60.81923376100115
2.012658815606392	60.815480449713576
2.012706941958711	60.82291312642251
2.012805279597964	60.82256076809343
2.012911956167612	60.824012370954065
2.0125441694246873	60.82041554236059
2.012904599056567	60.82179881412015
2.0132042401077404	60.83217815958147
2.0127430541038476	60.82884038307485
2.0125165229159583	60.829492918614775
2.0129522879653963	60.83471029661691
2.0127361032396744	60.82795044853661
2.0132431096578296	60.835332193813336
2.013252369752242	60.82922285678293
2.0129368933718808	60.82255361927886
2.0131514019904433	60.82573506000211
2.0132739247328217	60.82460125995814
2.0131951591806296	60.8173917011768
2.0132406936340344	60.82162876783865
2.0130716165170734	60.81630638428644
2.0128369560435697	60.813609800235426
2.0125322465738167	60.80725697086668
2.011970783334866	60.79927860493044
2.0114813137964895	60.793464761292114
2.011672271592126	60.79594422204147
2.011884749382263	60.78988710608376
2.011938721952136	60.78670795643712
