4.030980368038075	60.464705520571215
3.947106006913084	64.0071244364283
3.551666102647171	65.23468351800946
3.6917636027007013	64.6732309962169
3.9740068285514862	64.44335397651066
4.036641098018118	61.83790618240576
4.221830832882151	63.55444264553878
4.298035489686973	64.26968956541384
4.2048748720819535	64.14215906565722
4.211986945460124	64.14193317959638
4.147388970415193	62.637911223662584
4.143082562541373	62.66847573591987
4.186073819874368	62.79110729811677
4.139663593908523	61.98426771627942
4.119523180948841	61.99951275675417
4.072876978026363	61.38087753383326
4.050291755004003	60.665162850279366
4.045757491004059	60.267835728061094
4.059343069569083	61.131454416230824
4.0840024009493545	60.28047824279161
4.039716312857555	59.81248594829802
4.063819366819036	60.00270206041288
4.012550999146877	58.90766360449426
4.0009801652089765	58.72998407645916
4.028216475110378	59.12255100455179
4.031744017427643	59.27917688206351
3.980609689781761	59.05300089236581
4.013911057999415	59.57041146147456
4.0099167540424965	59.685672814660634
3.980779198143303	59.66196966409174
3.9525974030326143	59.05085276820095
3.9314013750574768	58.92498548096664
3.897802668654171	58.77874549837628
3.8621274345736096	58.53447226249235
3.866573749898111	58.66911036695752
3.851827682319448	58.673820830825115
3.904513372474422	59.32936130659521
3.959721000274103	59.71007857555967
3.9529810139563186	59.870392056024095
3.9553500671500132	59.891736032538795
3.9467274274653916	60.229215084140655
3.9256427177921673	59.84645885562201
3.9215925255995816	59.6914968498205
3.912465680725197	59.70467859602
3.9230130156809726	59.70763890830991
3.9087340607663426	59.767900319727666
3.912892313803185	59.709720372956134
3.9069180076043177	59.85065883988356
3.8737444855927308	59.658505959357264
3.880096182691308	59.60209190001052
3.8864741042703734	59.43333712676126
3.885797404665151	59.42984265956626
3.8767490727021348	59.24104781925735
3.876311015188914	59.24173438304789
3.8510737789494036	59.21968066415299
3.851505971899954	59.28108138148385
3.879538506734115	59.604769510433734
3.8741232488283344	59.60189613578372
3.874001548268799	59.52241962180253
3.8852325527818588	59.54379391232517
3.887586841697996	59.53375665524577
3.8947444394470807	59.844895971647375
3.881799030480115	59.76863680328347
3.88832260236168	59.86831913816458
3.875569812933693	59.57714730165796
3.8786960232193772	59.788385566125335
3.8594491827782647	59.60424784771008
3.86379917454762	59.71325997024718
3.8471284796262886	59.56287174885877
3.872833722960308	59.73522451863902
3.85501886889914	59.80473554807254
3.851456246492391	59.785450897722676
3.8368003208691865	59.74114968147761
3.8317721017723527	59.56956628803164
3.8396205910826633	59.703844712734345
3.8484629378949364	59.873732503558216
3.850855258403996	59.88203060862714
3.853791672371148	60.03909795835971
3.8472000538709024	59.98594820836657
3.84243403657073	59.84322964158308
3.8362978823936706	59.87285712407274
3.8356485621331466	59.73849612441422
3.854139948619822	59.94258883238993
3.8487384710837413	59.906244268911244
3.8684298903256953	60.057815648912474
3.859128044304805	60.06968539552721
3.850657138051339	60.05506501534037
3.842874975804701	59.94203802733689
3.8540200088274577	60.21201535149964
3.8428460968863725	60.166334946917154
3.8475391096029616	60.228106474867005
3.858762376367801	60.25563880496855
3.852629263755208	60.21756664357599
3.8510164989620495	60.18213647588299
3.8460792764116354	60.177468777226444
3.841721759479628	60.066007965801525
3.8614020782157534	60.073135779765764
3.874158033052739	60.2328113018245
3.8723036671117086	60.15032369939213
3.8674899887799064	60.178786132476944
3.8681628124581597	60.167008838564676
3.8820731219659868	60.284921356110786
3.885314943680347	60.299463465480514
3.886692431018261	60.46612009365595
3.892637153535116	60.46255933747974
3.8953348212763275	60.572932673178265
3.8982049923370123	60.6261532238663
3.899790461782153	60.61559652760321
3.9055215873473847	60.78560490542398
3.889347700481795	60.77105782003227
3.893056741624945	60.80618644286275
3.9052778754026787	60.84736221359856
3.9029925719024154	60.804893468527176
3.8950659342536724	60.74384630710308
3.8922013628078957	60.664534455339876
3.8905747990862043	60.605193826404125
3.887676620776107	60.56699928501766
3.892129709959466	60.65656690843667
3.88535876190337	60.69013686279608
3.887728434779415	60.7457567934309
3.886550437318556	60.784912052832766
3.889347485069657	60.71662100810795
3.885328134691885	60.63379495455589
3.882016697837141	60.63868199013222
3.8884456553817364	60.52997595547467
3.881157530373156	60.47310579060796
3.882736686596836	60.442193160054636
3.8732438011499	60.41127618362297
3.8777159157056307	60.462371449542324
3.870079363575941	60.38531513481432
3.875584205407827	60.464652351156595
3.8675397674632905	60.38027785991321
3.8734534215345624	60.359613950167336
3.878853450494247	60.367754049567445
3.8724698597281706	60.39084686913259
3.8767830654841995	60.4058617803917
3.8747328348707524	60.414081757715785
3.8715502536294597	60.39268293157613
3.8727004139424857	60.359412170279654
3.8773268779125813	60.3475000453764
3.876446713684038	60.28444705477861
3.8702705619976423	60.28282484141412
3.887754485526169	60.46208715942301
3.882134194735275	60.35925758962947
3.8734297373327298	60.251812470666884
3.8811013899815903	60.33442444771185
3.8831026136357805	60.350599211123544
3.882904135212177	60.427950789917574
3.8759363108464226	60.32533185759399
3.8723921458254593	60.317634670219235
3.877340715906496	60.337868234513145
3.8655699548203954	60.252944775207126
3.8735050383863503	60.3304653077721
3.8724883907200005	60.33011756915504
3.8749556799799554	60.30302514030113
3.8715576524441495	60.2456851652931
3.874144737567468	60.30145972891312
3.865998372606157	60.22952271547098
3.856844269895237	60.21979432874733
3.849670808820179	60.17069320209404
3.85829719617103	60.211875468608056
3.856764762904575	60.19228242693724
3.8551136107942137	60.25732957268935
3.853937560525352	60.242645902468915
3.856522483519659	60.2391489222058
3.8559103986295167	60.15800058020088
3.86813345071033	60.212361622156706
3.862606563965497	60.20577418405084
3.8600635871169637	60.207729231566766
3.866088428310977	60.195545670631695
3.8647106999832004	60.197254868501666
3.868146809911009	60.255509552208885
3.869742500018929	60.26695746478512
3.8706573077395845	60.294930308701495
3.8675768074706576	60.323167674610886
3.8649678140306456	60.24215515312673
3.8638316129145664	60.27304895598656
3.868768520247878	60.336518394177624
3.8671087479586057	60.33228929856882
3.8768276519890943	60.50540266114508
3.882410016341788	60.509432803510116
3.88096716609967	60.55173803947878
3.883957885077045	60.542103319404006
3.881858899581911	60.52213282219654
3.8779677183729553	60.39770124029508
3.8761282906803745	60.41563089947794
3.8828487697726985	60.44057047291846
3.8804365494284996	60.49941157924775
3.883595485239652	60.46954936517491
3.880135378945054	60.477909926201825
3.888510146908738	60.604278911510555
3.8901753200281393	60.67535836280861
3.8921663419539336	60.628579822300516
3.8907083903120596	60.593852907817954
3.8882786778444083	60.51996877858086
3.894548456224885	60.50982936361945
3.8968915202429484	60.543188445552104
3.8985196586959425	60.55754909180416
3.899211450522324	60.518113504967886
3.89462918649476	60.47560848613457
3.894963649983378	60.47021320670168
3.90196101514972	60.5218422111264
3.8971401448030796	60.46002670215689
3.902536630225655	60.48758813996579
3.9061237579133685	60.480012868188716
3.9082990518038505	60.46636159777537
3.910538824386902	60.42410077017082
3.9137600805800012	60.390363261391045
3.9172886973809105	60.436516074463725
3.920067430752578	60.4563642933144
3.916903108867257	60.40686241739458
3.9154734559791553	60.362165022721335
3.905688722943673	60.312592894400645
3.9067848903853597	60.33572046279133
3.90713116331936	60.27504425618643
3.9008083617051184	60.19823335068202
3.9020219210447933	60.15193631565461
3.915287312377139	60.30612110938601
3.914452678279648	60.292941264580236
3.911632045558681	60.270273142981395
3.9109760584987687	60.189812599685645
3.916715681955987	60.1876475356337
3.9161533413004825	60.18622984942036
3.9152534101202825	60.17955836259708
3.915793177217327	60.194953191364526
3.9153962884030316	60.189064358870276
3.9141480419452614	60.19046667220564
3.9104504297863607	60.15401088470256
3.9068071267437254	60.1383933696062
3.905480554736519	60.10441803904272
3.9108972959987103	60.207749108917035
3.9104386665091577	60.173895907670875
3.917650558688612	60.20529274563351
3.9212013662490923	60.20742255292853
3.9164897671673917	60.247115118181554
3.9112331042769224	60.23171371052354
3.909822926799812	60.183678306344014
3.9071293683366113	60.12263726305602
3.905595212724688	60.1183290583553
3.9019276065283575	60.08100677320496
3.898407281963356	60.04577044894404
3.8946412551402942	60.04479828511714
3.892041003129421	60.01053069579823
3.888457013921355	59.891647221589324
3.8860492891385885	59.860551766388376
3.884577635744905	59.82508963269363
3.881875931388361	59.81430786393194
3.881994762888892	59.846748935141306
3.88859754267441	59.873902182732365
3.8892633506009946	59.85323715953567
3.887451710214742	59.83139780911488
3.884337157589828	59.85647964037733
3.8819990472406896	59.86868387432248
3.88141282742024	59.8833078459753
3.8837029507963132	59.936105656159704
3.8849238246047095	59.93614900187586
3.882688252905295	59.91898805052161
3.888096455850573	60.025663844500244
3.8873041796435746	59.98282886701998
3.8843169545814056	59.9775754644837
3.8843545021833603	59.947759440688415
3.887290495182804	59.974685037319766
3.8849845142610913	59.97364080935349
3.887749931979225	59.951283998091085
3.889506976368033	59.942968813176186
3.894445316325971	59.99550892746356
3.8955950919996325	59.97254792817528
3.898299690315589	60.00828931702751
3.9002383772627427	59.98651363569281
3.8927277331869936	59.92795712054257
3.8958459142054678	59.91908301674098
3.8956714325615884	59.90517080911848
3.8935554664471344	59.878357469403184
3.8916212692437617	59.88230406832981
3.8942660272068585	59.88386714739546
3.8925855740657522	59.86924594298062
3.8958900773609173	59.90349994082711
3.900646792699819	59.93256125881906
3.89989762840869	59.93783171126346
3.9035942270332655	59.961948445240694
3.9106228173557946	59.993722202964435
3.9117177017356144	59.96762119577751
3.9112250323114934	59.93917062194339
3.9122465912847892	59.982618243558726
3.907108425856356	59.963699589445824
3.9041073068606704	59.93959147009492
3.9049091087789307	59.957677087462805
3.9036496074151366	59.896168723641566
3.8994051608614755	59.85277993252523
3.9007596396132636	59.842371477428685
3.898007015865768	59.80597758999189
3.9036186689482966	59.86118081431942
3.9056559513527476	59.877414864515316
3.9038247802107264	59.876070883676036
3.9102609854841197	59.91829230669577
3.9100350434477598	59.931149022145235
3.9140485346059206	59.93670609863577
3.924845393639956	60.03099712457689
3.9224369977627	59.995327598410945
3.923859072816584	60.01313901861215
3.9244825476518	60.00859775713584
3.925783606128217	59.984146170355196
3.923730079223381	59.91886840878991
3.9265816483464424	59.95885246228154
3.924695950826019	59.92152169236909
3.9242260405517913	59.90088967819883
3.9217720769278617	59.86991683855472
3.9234171708016423	59.90642759388837
3.9272748537160767	59.90265387772827
3.928784013621856	59.90276469704714
3.9259374001983107	59.88554883361847
3.9298035057973832	59.926622376122666
3.933215215180991	59.96085862608658
3.9317497090446034	59.92085788607154
3.93271229747696	59.92764849043042
3.9329217063560753	59.96155962761133
3.930167803700565	59.95010957322857
3.9294771833051865	59.97953972637176
3.9309350019238383	60.02241399070396
3.9331707215451006	60.03408685442431
3.935539511842663	60.057436810574245
3.933937409785494	60.053469309086445
3.932340193386055	59.997443668956066
3.9295487882646216	59.9610898307953
3.926995160323723	59.918940240079436
3.9289214762278957	59.91245347739586
3.924336510272964	59.848800879881345
3.9241274948071787	59.83792739665991
3.9255276901969913	59.89790260862731
3.921823196973792	59.88439831916099
3.923094346494556	59.88674382912389
3.9219052644372376	59.82414646440429
3.9235970534072675	59.8149466864593
3.922339607978245	59.761032269498216
3.924048153185985	59.743499378257944
3.926630223500845	59.762090673425774
3.9288386121552996	59.80660749678959
3.926053245973086	59.770557637240074
3.927339564702339	59.78750598477921
3.9335883150603173	59.87107485452268
3.9322867656918397	59.85313735038747
3.9351633164985382	59.86769814264308
3.9369772546748374	59.88838192131718
3.9381570732526616	59.92595251548329
3.934041476379485	59.90485402473864
3.9367457637835197	59.93022076433387
3.936734303644018	59.90995409845757
3.936276189975445	59.896113428651134
3.9384619093946314	59.92689462493558
3.9374114005080356	59.908447624064756
3.9329120837514187	59.89812589231377
3.9322302898680186	59.906732829886494
3.930480777082872	59.873117706255066
3.9322202008454212	59.879808622169605
3.9309189054583737	59.89168289453004
3.932035367881247	59.923141736775364
3.9372773646080934	59.94490095255548
3.937090432124049	59.93954389562883
3.933604334343068	59.92632955806378
3.931794758851803	59.887713695428204
3.9289233022518517	59.870886961468095
3.9313107498709354	59.87943161804579
3.9338020670523823	59.91483148291395
3.932888016955145	59.89420144368927
3.93483174587775	59.91712921341443
3.935472782994912	59.92856411796347
3.9340403460198634	59.91670246179675
3.93251421072549	59.89509124148013
3.9311396582464875	59.90875002310205
3.930705708874777	59.895440138002456
3.9300197203724667	59.85784397916438
3.934282609570706	59.89576962394056
3.9369606060993285	59.925986781247104
3.938102785851876	59.94507293073023
3.9399577749573615	59.98311789467012
3.9389205326839876	60.00138232094625
3.939014080591508	60.01245942136338
3.9368036938724176	59.99644387643066
3.9386523065275574	60.0100190621924
3.938090641618588	60.002984916389515
3.936051070133108	59.98541830878258
3.9379686083564147	59.96826822364396
3.938294919395158	59.970854978218256
3.9376330405480124	59.95048255740174
3.9382273101208396	59.95719426853454
3.937134353524849	59.92641405584183
3.9378751711918145	59.89614926940973
3.9368609586248806	59.905956674568074
3.9345282066330642	59.8916639551634
3.9317986263070557	59.894595309677754
3.9313797752813247	59.86639590271414
3.9314272834804127	59.85317477322495
3.9311404575120465	59.86585635998489
3.9309777743549494	59.87649135658729
3.9312198199305914	59.87013862746155
3.9268656605250487	59.843709892691706
3.9294880073143936	59.8506326068354
3.9315158948841327	59.852479643896494
3.929555203037813	59.816590297136486
3.9263206175938947	59.81065999475671
3.9235592167120097	59.75492768294299
3.9251998482045036	59.78141083418966
3.9255576890477784	59.80718601258474
3.9251411893125168	59.813555307943474
3.9232959825140115	59.79058787992435
3.925676903762349	59.79833002439912
3.927408266012143	59.822423812009376
3.934124058474232	59.88891048495445
3.9360249049378306	59.91195333490536
3.936652795014237	59.92306092239667
3.9380955971510767	59.95766958386955
3.9374081999144943	59.948713168953404
3.938139194101114	59.94292950182055
3.9394345405778552	59.916454804796174
3.9399276954460367	59.9073031361824
3.9406845146505014	59.935095658388605
3.9393776383675556	59.92414184784379
3.9409242159786992	59.934739758800504
3.9400138932691697	59.88992640199321
3.9386096491001474	59.859455495294505
3.9384871760359697	59.87372777206024
3.936387645938227	59.83271412812786
3.935099931528488	59.82558779302608
3.9336102292161415	59.82605621495021
3.933338006724169	59.81638786432738
3.9352014840852707	59.824986577438146
3.9325757805459487	59.77963183635464
3.9325432935121234	59.79496226939492
3.9352772605258073	59.809894122010874
3.9366724720108475	59.836308340365015
3.9387971020743913	59.84213210676218
3.9385541280239384	59.85069062420888
3.9393757018838493	59.84036761627193
3.939043449664898	59.83008132779704
3.938787795450558	59.820984265441496
3.9420031312379225	59.85072658865935
3.94127219269905	59.8379599836567
3.939993524675693	59.8272547684117
3.942639364500842	59.83815664655707
3.9437449145756776	59.84300824455426
3.9436921823643765	59.85436224877267
3.9442958337497243	59.834530093825094
3.943640711766491	59.846971234858735
3.944018916061668	59.85454251058039
3.942556145486148	59.847773656016074
3.9421177781096617	59.86667711324396
3.944178819141555	59.86580414731555
3.947735318311817	59.897903226008125
3.951650544320047	59.90853441927496
3.953719014591547	59.914920240766094
3.9530668424918276	59.90702775374429
3.9546935934952363	59.8968447754533
3.957490206935663	59.93123680845996
3.95957252765419	59.97484188876861
3.9606841382200417	59.98706073385337
3.962097136972147	60.00386231972057
3.9648447355058147	60.00775108841691
3.9631762620261424	59.99453736562502
3.961235575554047	59.96066161914489
3.961932320632381	59.96015356065098
3.9605393655354786	59.91824035978888
3.9620660584121485	59.956584309474756
3.9625811210277346	59.959967068567714
3.960387483287478	59.94193081095178
3.957963516076032	59.92358481529506
3.9597730315757995	59.92706574392254
3.9610073550873577	59.93165186482865
3.9635015197376755	59.9521238273702
3.960702816466281	59.9312670076894
3.9597728356594364	59.94824392786475
3.9578270944347977	59.94329475713789
3.956483188053701	59.947356419810504
3.956903732389555	59.91725959020673
3.9564424128846682	59.92821805564505
3.9529697020464374	59.89666463240044
3.949679604969933	59.858238003088836
3.9531644915975215	59.87170860356942
3.9518807103023397	59.88583893596049
3.952330843372963	59.8976948096817
3.953096978534451	59.892257867377936
3.9525464102459074	59.88266544070693
3.954141485023366	59.87421945931618
3.9549782453199707	59.89197342731041
3.9564703787976865	59.91026165338935
3.957102281918283	59.90618895144805
3.956948066514962	59.88095158972362
3.955876554308008	59.86674586467573
3.954158631385822	59.8489349835786
3.955347037118839	59.859638968191405
3.955272476711386	59.86050180894001
3.9553933665743957	59.87046630942478
3.955783716098821	59.87833827190577
3.958754300646817	59.91299678268686
3.958763803039369	59.92429350939708
3.9572301213425485	59.92134934350768
3.959905494903347	59.96681636823017
3.9605671765165553	59.97568210559285
3.9621364850310274	59.98005784346661
3.962763328897206	59.96115331577003
3.9644074577840573	59.98498196007114
3.9701682760794306	60.01068958505076
3.9700346963734745	60.02582453376862
3.9716686519580175	60.05258512781235
3.9735330338644053	60.07080885015094
3.9735142057735064	60.09057717793096
3.9708661987020326	60.088470214517095
3.9713210348404395	60.09430725690839
3.9722990814878347	60.09911446562829
3.975680558730352	60.15521416078708
3.9777754849318394	60.16505849323119
3.9791439856636206	60.175867909214794
3.979277168745654	60.16507265600401
3.983653048556199	60.19777153166739
3.984453023732347	60.21194200815289
3.9853572552063583	60.22473551647764
3.983192200072487	60.19702748829623
3.981051903141458	60.18726485711416
3.9812190258000144	60.177165314794316
3.979240759351505	60.15221225470015
3.979159604202368	60.13843230458799
3.982493322524362	60.176305713804766
3.981400729630838	60.17056111301425
3.9813741407240264	60.14901571143868
3.9827413715872235	60.171738933703466
3.984919962936579	60.163429270904125
3.986776566543869	60.17919860263388
3.986740351869593	60.15495797119698
3.98611471252387	60.144843823138956
3.9832650172176405	60.11832222766214
3.9825196783358976	60.11778494696733
3.9811993959194605	60.122772314664104
3.978203380753033	60.11088847904092
3.9794549273265925	60.09489945423706
3.978141484353761	60.09413161565537
3.977115667125777	60.09763823988545
3.975025833726511	60.068053195624636
3.97364018232729	60.06318571628382
3.974760910586954	60.045527046180226
3.974908137597769	60.046958692405255
3.9746581167417916	60.03679393056945
3.977476983047302	60.0227349458213
3.9775579785279804	60.014933169549046
3.9771859499828306	60.003111020666935
3.978848647765273	60.005368877645836
3.9795805261992903	60.035192473433206
3.9779458170170954	60.00990282022441
3.976082886062215	60.003237226111544
3.974031749630717	59.971619206304744
3.9751157894514018	59.96259289433757
3.974535176964052	59.961443192258855
3.973356488858128	59.96218812282286
3.973260491020571	59.943692188569635
3.973369148595257	59.92835508413145
3.9758390387124396	59.96773284588765
3.9768901210625205	59.977554814582284
3.978059189505875	59.983752739621295
3.977473821063825	59.96624491324136
3.9792949781594715	59.9715488939545
3.9786804726684486	59.95639261908248
3.97919441638899	59.947510375082025
3.9785542463053005	59.9588699035098
3.976548660372971	59.946897722770046
3.973971065270797	59.920877821396616
3.974803670511472	59.938218532401784
3.9770950706542556	59.93754907691808
3.9774100372624117	59.933817661638486
3.9779716286602094	59.93648735797618
3.976339529103784	59.91407337107765
3.9793065517538166	59.937141831739744
3.982000976250213	59.94560849852352
3.9845684530213945	59.96807028622645
3.982773021440944	59.94332767391301
3.983929693967251	59.92890084343232
3.9854169435594886	59.92741858844694
3.9843460980813012	59.91628471041046
3.984644839328564	59.928337023418926
3.9819176039469006	59.92088474637061
3.98087643620737	59.899685355181994
3.980807427108252	59.92687525100185
3.979127958422314	59.893448508713895
3.9769505852388267	59.89135018170796
3.976756144145577	59.88026585870272
3.974804325562613	59.889152010500965
3.9735266785670182	59.87716630824442
3.973319215926785	59.86585872190503
3.97169060224961	59.84086457609027
3.970039165587872	59.8436890270887
3.9684858689541627	59.80955250385738
3.9695497912737547	59.832760224882925
3.9677689714215068	59.81306544648968
3.9652604914605942	59.807799671133345
3.9647891816340692	59.81283148491957
3.964545490251275	59.82379598064254
3.962883218393448	59.8133053415911
3.9646920256009155	59.82733338128504
3.966699229402386	59.86712435330883
3.9682181870484863	59.8970020055158
3.966810628211693	59.87009016088416
3.9686544672852384	59.877184649347726
3.9665332912819626	59.85463322512626
3.9654959919781017	59.83587976804547
3.963842940157911	59.837843021497726
3.9632659697261827	59.82350652255365
3.9621259870114414	59.80567527549191
3.961523262510483	59.80092919226292
3.9607701331045164	59.79141494608753
3.960228621685987	59.77022353029198
3.9622486643093695	59.79763001541852
3.9642721184918543	59.78805646712146
3.964999106167802	59.79355883179843
3.9648718541315677	59.79603512082736
3.964143376305999	59.7575207427245
3.9676542722732138	59.792806741654616
3.969035745049866	59.805831259952505
3.9678449874675144	59.79477253834971
3.969175333253237	59.82656511434562
3.9665608391638063	59.80129597469105
3.9662075574460234	59.802771726597726
3.965871164082965	59.77778207551349
3.965142208163271	59.780858451604864
3.96317536121324	59.774900404089784
3.9639267291296285	59.77845618887353
3.9637261986193386	59.777328049733526
3.9661482540263866	59.79647671683356
3.965911684025422	59.79482476314037
3.9673207647301933	59.79637557116978
3.9710466857324893	59.837689785069976
3.9719642385427667	59.83672337617452
3.9717024020869838	59.84909109818909
3.9731409046989934	59.87510513028417
3.9713823009253137	59.8672243335108
3.9718743402911336	59.86941009851595
3.9727656276978816	59.88238224417566
3.9724188784526895	59.8933072282169
3.972601951678506	59.878994484738556
3.973155899358542	59.88215534569994
3.973243497051655	59.89956076753068
3.976291466705754	59.92851582581267
3.975979720899044	59.923370611939895
3.9756263075830156	59.90584296477382
3.9754460506174207	59.90504842988424
3.9746222316128255	59.90861181832942
3.9754498203353656	59.904251091555594
3.97345763892852	59.88781962372581
3.9721337205497504	59.874415746217686
3.97279585286716	59.886270469737035
3.9739612545067047	59.90338053866432
3.9725394578447704	59.87684982456563
3.97382168976211	59.886457138817406
3.974289959522041	59.89308258551038
3.972745022837132	59.88785480813441
3.9738408130832843	59.91084191816438
3.975224404426407	59.91970613895895
3.9753633376624635	59.91444821455893
3.973809466923149	59.89978216150927
3.975759413963181	59.908077996584275
3.978168154622711	59.939375704747206
3.97802456095607	59.94595582578295
3.9763398049331715	59.92471543551355
3.9771702849627752	59.92768284505299
3.97544902739658	59.91727157674536
3.974399373500062	59.90329113049294
3.9730857125585226	59.878518524791374
3.9727277040473234	59.87043112798689
3.9731335808171053	59.87160279288178
3.9749915393808433	59.887894248034726
3.9753590602055193	59.90431116409928
3.9777159751115096	59.91013350957482
3.9764310449916356	59.9151434480607
3.9749599907305937	59.912786032511605
3.973075407062161	59.90188963356185
3.973861775153604	59.91552867180443
3.973114523447628	59.93289418986303
3.9746003388776385	59.94139015614575
3.976351292355987	59.956153142230335
3.9741631319912387	59.940523811310825
3.9743936218515428	59.934611270963735
3.9727959652879754	59.93004037084907
3.9735536494749844	59.92765545487576
3.971765108475851	59.917920660624375
3.970954211942169	59.92066958440319
3.970193049226737	59.91086756446727
3.9701712050646742	59.923249966329614
3.9710795402646912	59.92098843026612
3.972305301849706	59.93456237365146
3.9717266649338177	59.92312214669146
3.9712244677972732	59.923810287621095
3.972294979295517	59.937252995598186
3.974834852194843	59.97506124157567
3.9748613713468472	59.97057608369488
3.9749741872019193	59.971772125680026
3.9749591038961927	59.96014604667227
3.975899864147593	59.96514793817192
3.9757048004489257	59.961732728560136
3.9759484907184848	59.96710505736647
3.9749252675504643	59.964193039844425
3.97452245718207	59.97060512309295
3.971973133119211	59.94026910320556
3.970856587552502	59.92505677463314
3.971326353004686	59.929472127944855
3.971933553012361	59.929518309637125
3.9727173858325475	59.92796228478626
3.9725436786744717	59.920573725718796
3.9741985881887465	59.92366258492262
3.974535849228366	59.9304411018213
3.974208051750336	59.939988988303035
3.974124363268961	59.94252435314318
3.9736808922113926	59.95452470320449
3.973444899837962	59.94409037512307
3.9725693445363373	59.95162748969512
3.9735023646821217	59.95671012941969
3.973699319963788	59.969772476627256
3.9730670734538616	59.961832146599846
3.971607090399926	59.94984241338551
3.969022097222136	59.94193056799245
3.968827943706957	59.92999945933873
3.9688037650889774	59.94380436556998
3.9689256787385983	59.95768076591707
3.968587963782721	59.96458434323739
3.9689826379200444	59.948970301285236
3.969582672189911	59.94908235273263
3.9701838367249227	59.940878892964434
3.9697917347692924	59.926076296928365
3.9718435322688017	59.92944878140602
3.9715086032818094	59.928064466167854
3.9730207059167912	59.95038864839535
3.9709765051905572	59.93149095445791
3.970419287232295	59.914293673178015
3.968197556127547	59.89887190021442
3.966901217524345	59.88910565556419
3.965492390378403	59.87348832745631
3.9649085877496324	59.86619402325586
3.9657989692409816	59.89760591646542
3.9655361451264337	59.88691167695378
3.9658991316255143	59.89799366613305
3.966236624643141	59.91277599556547
3.9656665707946264	59.90154594756924
3.9634274160695355	59.88349745263584
3.9649142989816175	59.903332430773375
3.9673811385283364	59.929820893090096
3.968450892256191	59.943373877174174
3.9690220476589464	59.945334179922206
3.968138376712646	59.93346281160845
3.9690329410702265	59.94438897388514
3.9684049453997803	59.932326866683226
3.966268696352541	59.909623341986304
3.964893711947719	59.90646445879787
3.9637553799519405	59.884650054896454
3.9636437923300463	59.87634946656486
3.963141754065299	59.88227081244391
3.963598690209161	59.88055957261365
3.963138818810498	59.883066041092476
3.9631081641333026	59.88602523688245
3.9623948521503536	59.880659778127054
3.9621477505618135	59.87034027170613
3.9616859872862653	59.8707567493935
3.9626355491562015	59.87853704256183
3.961973670159405	59.875909656038665
3.964201032485361	59.89705209656116
3.9642530886912137	59.89924810108013
3.9634070494187887	59.88390664344273
3.963189164633246	59.88004250072598
3.9647542579389983	59.87545356226996
3.965132503462926	59.87274325023535
3.965098338358231	59.86382926472645
3.9663328224437326	59.87015781634993
3.96419466854471	59.858988301320686
3.964531620271605	59.881217077954716
3.9642105278357596	59.88758881319546
3.9663158008341575	59.89533568588185
3.96786470068356	59.904513903742014
3.9681008572520633	59.921246562825196
3.9675906469210895	59.91692309300084
3.9681825777784074	59.940931209697716
3.96648066888802	59.92636009569916
3.9659730451370794	59.92785674252908
3.967743300337141	59.93849605038549
3.9675427023680276	59.92716173626539
3.966977743491316	59.920029643926895
3.966792599416082	59.90896271209771
3.965444964918684	59.88808529583222
3.965012263176721	59.87139168684289
3.965904110076546	59.87087888549104
3.965714058371338	59.85791410445861
3.9672873768940984	59.871590981274146
3.9665973849579013	59.86837760841908
3.9665786780126195	59.85996969518055
3.966094223544004	59.85410797982193
3.9643283956513744	59.834626574480566
3.9634942898845864	59.83299765645624
3.9619086953820886	59.81999385481676
3.961763017865868	59.81539639392181
3.961836726596862	59.81981196155945
3.963408222287993	59.82787316588848
3.963741386220794	59.83242535576036
3.9618479862429457	59.83551839622153
3.9620015374023176	59.824096469981534
3.9617820377820774	59.82971896261959
3.9628292647373815	59.839370969322
3.9627038172379647	59.84074222269708
3.96097739549133	59.816048272995154
3.959815087356676	59.80925390153787
3.960594072191322	59.80925322025851
3.9628439330718885	59.83710759113231
3.9618532406481335	59.83662023896199
3.961921646973923	59.83527399163002
3.96221750982219	59.824307532710314
3.9616463653171343	59.81705985788659
3.9606980524229587	59.81341654706495
3.9608656131850695	59.815446150605894
3.9603992587841064	59.820899560269076
3.961961549713797	59.83285288829797
3.962605138440463	59.84577809043291
3.9646601261754273	59.84300168839654
3.9655153025903935	59.83697913942023
3.9661780483572455	59.839165895599635
3.9656457628647956	59.83070859500772
3.9655108120997675	59.82640804690979
3.965159927281327	59.82069225927894
3.9649883874578262	59.81401504352967
3.9635966433960577	59.80176135691798
3.9623515017560673	59.795354038052004
3.963182611724842	59.78918409120275
3.963660960074349	59.79415917576234
3.964748719713864	59.79922045947698
3.96328393045845	59.80038713820922
3.9621622006762256	59.78121701519882
3.961785962794681	59.7733013337393
3.962239884861185	59.786983337322496
3.9606577131074365	59.77898291050078
3.9637337661018672	59.80142991365633
3.9639190098409616	59.79838535315985
3.963038476519606	59.79371582960108
3.962318374950268	59.773420000129484
3.963463803295493	59.78669091776752
3.9668786783376504	59.82520580443717
3.9678482478886963	59.832254086324234
3.968434491706229	59.842511544597855
3.9688325033628984	59.85709995197431
3.968074126297002	59.85422918194517
3.966928756164079	59.841920787970935
3.9675547047268793	59.850959594671885
3.9686730832181176	59.869213083939556
3.9673451514791562	59.854125743499566
3.967105903945574	59.85188791240686
3.9662519897990447	59.858164655387476
3.966590706447436	59.86817727464637
3.9665259890708904	59.86143510814182
3.96724999052852	59.8754783471237
3.9680702145048867	59.88919562595791
3.968746605860163	59.88657772192275
3.9682150260827806	59.867533978964445
3.9667017935230904	59.87783447657164
3.9652192609084302	59.86030137594402
3.9656297977490618	59.87133483187299
3.964548487300186	59.8510362151887
3.965054327425197	59.858223046038795
3.9640195486023644	59.85970677387011
3.9641524375579458	59.87352497733334
3.963402156058329	59.86521610388201
3.9651202621620105	59.87142686835789
3.964563061319806	59.8730404219718
3.9638592097184824	59.86193889238864
3.9631794620178846	59.86166583502169
3.9631582841400177	59.862606213173294
3.9635856473452775	59.87031897355202
3.9623265874988167	59.86646212107769
3.9612274809110626	59.86151153586148
3.9619851583041403	59.86377250320516
3.961938479278673	59.8625647268928
3.961648350088212	59.86287198956688
3.961672798790818	59.867922371040216
3.962092588924707	59.865119510709725
3.962783767141807	59.875062883152694
3.9621401019751974	59.86656172002583
3.9617685874217092	59.84668533488335
3.961670989813753	59.82927058058724
3.961170166944743	59.82124369879113
3.9606894239722363	59.81180856148957
3.9600813681535514	59.803877310093725
3.9620165392376516	59.82238689045485
3.9625656113028254	59.828522725071274
3.9622042776501427	59.81921310581341
3.961434846607718	59.81737296157591
3.961056257460541	59.82141276214174
3.9616133218018414	59.82256680734455
3.961687598474834	59.82493374363449
3.9637535146301874	59.84041348214892
3.963049694906045	59.84290304805992
3.9640622179887837	59.86620731402847
3.9647331858544534	59.88095720335109
3.9640631706759804	59.885584694029504
3.9659146674189225	59.90632005902153
3.967418581351521	59.91169525213712
3.9683818420626986	59.920735833883796
3.969122115726163	59.93315308903575
3.970213864722004	59.93405985652993
3.969396440891177	59.921293353414534
3.970335239283732	59.91324179848519
3.9696672228980803	59.926205596066424
3.9683848371157713	59.921480446805845
3.969737290996926	59.92641270561354
3.969326974015242	59.921464322542676
3.9698378841504285	59.93542471692801
3.9698621079451533	59.92203048395992
3.9698796958069837	59.92853659153382
3.971245301114669	59.94540366387904
3.9703882786941707	59.95198265670937
3.97186159695292	59.9588506463628
3.97030096993613	59.95973694780175
3.9697236064745747	59.94560110845312
3.9701791191320868	59.93715207231944
3.9687512290346385	59.92508057570116
3.9677756394284467	59.91156586587401
3.968123293839802	59.92956695384538
3.9680581002580233	59.924840818897856
3.967773036190174	59.93160721848983
3.967053663071477	59.91700004514038
3.966706651052209	59.899823289464045
3.9656216321034403	59.89283266140304
3.9657646623811336	59.89454624194062
3.9655567091232604	59.89259505014148
3.9657273672825704	59.89962678319124
3.9662595491346604	59.89742295335676
3.9674319501545408	59.90816847591429
3.9684019035695006	59.907730073154575
3.9685983490135004	59.905403471291976
3.9679267559842986	59.90947496382221
3.968685142322526	59.89940966450969
3.96926815156795	59.90780959586296
3.968319244547095	59.9028004321967
3.9688801635072406	59.912476714827974
3.9708900879708713	59.92301787892009
3.9716650669208327	59.931097622237175
3.971227013048724	59.93055238363055
3.970738756217042	59.935679338737465
3.9710540987633345	59.9384276401111
3.96923396296768	59.92019726808566
3.9698916955200225	59.91687377798474
3.9697242438761773	59.91555538291825
3.9701506344216693	59.89437670522319
3.969001546551463	59.89266250466746
3.9688420255450034	59.88987379810431
3.9706143619621046	59.895493092013204
3.971825409367242	59.90065451416136
3.9722793387621027	59.91352446524262
3.971574807627462	59.90572884744189
3.9708116224888523	59.89386504544279
3.9728539319909455	59.902103296188386
3.972017189223991	59.89866653962945
3.97258454800122	59.90688575229658
3.972037348850387	59.907787644414896
3.972592109701433	59.92371246310116
3.9727581759170714	59.93376152831233
3.9721694933317493	59.943458511668005
3.970844294744837	59.94358205836701
3.970497522595995	59.941098395656375
3.970112372759907	59.941178111243964
3.969122400723966	59.938404571664954
3.9700982411550423	59.94486177313861
3.9702598947527488	59.94532078172584
3.970353945696789	59.938491852018956
3.971020636409189	59.938759763014104
3.9699265652926186	59.92654762578682
3.9684165894540246	59.915857135962
3.9682285979939715	59.917295248581866
3.969424168671569	59.92869900269897
3.9693845281685007	59.92302482186953
3.9695527114977662	59.9158323547879
3.9698777111332433	59.92656796499536
3.968620014202941	59.908742817287006
3.9673934882188773	59.906891808913414
3.9666112200013015	59.89776855872904
3.96663427951215	59.90234825970794
3.966963642527448	59.89917484160666
3.966709406211952	59.89029619686748
3.966402815628377	59.87292914821061
3.9680422728960587	59.88958578561816
3.967002607781768	59.89352109779927
3.9673645417587426	59.88935999611756
3.967552501583259	59.890272675928216
3.9673267598894175	59.88034241746176
3.9668705205740102	59.86848088692008
3.9654777170871736	59.86391992112238
3.9648422066665185	59.86158144710353
3.964693621229568	59.85130384402798
3.9653039217320134	59.85402550090964
3.965812445709542	59.855223613039435
3.9657209031509355	59.8534675576023
3.9655662207791553	59.86292752483063
3.965746730589397	59.86526710601096
3.9662484426304205	59.86486466182332
3.966016364514906	59.85795293350521
3.9663427075519997	59.854932587837084
3.9667774072146944	59.859615594080836
3.9658756833925626	59.85018077265503
3.9643464863117446	59.83881476941481
3.9637253394889864	59.835095502491946
3.9641737350416766	59.824909028200665
3.9648243118715665	59.847910315325436
3.9648948026165702	59.847092697793556
3.9651154165027926	59.85305283708219
3.96520957302175	59.84809192024877
3.9653343838203194	59.84510667192358
3.9640859958565087	59.84087759407818
3.9621407055349103	59.82609455549993
3.9613138898839404	59.811721617772264
3.9611228138394377	59.81441820149987
3.9604207272465604	59.80789513994623
3.9600175348349573	59.81780313346053
3.959111449997625	59.80518976948658
3.9610834984593177	59.815217614286546
3.9623513268129864	59.813161544858545
3.961851993476632	59.81118493390142
3.9598248521644135	59.787612122592094
3.9591515319471395	59.7770594149374
3.960211943838737	59.78676682086715
3.96067521798279	59.794859438160785
3.95994425462976	59.783444053679666
3.959195867223936	59.7732410080841
3.9584737016327742	59.76637722743458
3.9578462380504797	59.765349516631865
3.9573127789376863	59.75249277272379
3.9570714683021273	59.76021213070632
3.958855828699252	59.770617534258925
3.9587014994006138	59.75911336485342
3.9584267233312582	59.76337891154949
3.9587638390056394	59.77101576126346
3.95958111648491	59.76689683646383
3.9595170523215426	59.759726923295254
3.9603606082865217	59.77793407693829
3.959433906757033	59.769411127862384
3.960272533681508	59.77587892682705
3.9604723607103285	59.77271638821473
3.9609557938711797	59.79128194616227
3.961234044658943	59.800924885419185
3.9616115437034365	59.796096804719106
3.962507943384177	59.79042876143661
3.963268566239199	59.79577492657819
3.9618033337773815	59.79501935641279
3.962040103676501	59.79534743012268
3.9617354675082797	59.7976150810625
3.962137069313487	59.79033947312921
3.9628286251539127	59.79034734635402
3.9624494244161386	59.79292409547568
3.9641023955490695	59.797396068437756
3.964598934864311	59.79738417447973
3.964212586398526	59.808457083102354
3.9635204759329747	59.80771948734437
3.962978901373823	59.78631963236579
3.964957604054005	59.80153707496517
3.9658441353106437	59.803163509714295
3.9655366198760236	59.81107298867792
3.96525027474625	59.799310195381764
3.9666146707154613	59.819580848489544
3.9668313293882083	59.8125777651379
3.9657936480833085	59.8051677939243
3.9663852959547836	59.80952505648768
3.9674940515657346	59.8174288231673
3.967647294333865	59.8081076779418
3.968531705049202	59.81549586585011
3.9677208365282177	59.80441672367432
3.9669985687156455	59.803150398987974
3.9675207231767127	59.81356514498457
3.966366850918723	59.81140808704117
3.9654890287439635	59.80633315427478
3.9651703233333597	59.8054478856119
3.9652261793796937	59.81020492209083
3.9648023562415178	59.80068738983351
3.9639362326379057	59.79152909443738
3.965275706541917	59.807209693309694
3.966236627884233	59.82981305887413
3.965254953022097	59.82169795935819
3.964208242827753	59.80278564582258
3.963942187629929	59.81104430690086
3.962840395543988	59.79548822795337
3.9629925000392476	59.79326515872
3.963612243199728	59.807871196813124
3.9637280967537234	59.8065017311942
3.9638461365908495	59.803778730088254
3.9642842161160954	59.81563165959565
3.965536690645509	59.82864093674135
3.9660180209466174	59.825858577988
3.96660561545816	59.82331112471871
3.967822820128241	59.839981834113985
3.9681839375454873	59.83405039254953
3.9683929029053786	59.83691337768185
3.968607968318615	59.83710462128067
3.97162694156123	59.854715461935086
3.972233038331497	59.8566947079252
3.9710457399752634	59.84819591412608
3.9717430829082376	59.84605634080627
3.970417202662226	59.83270374230424
3.9699000125785866	59.83564565345423
3.9704055117058754	59.83751023416755
3.971502318965909	59.83595493169908
3.970941524644165	59.836852368810675
3.9708972404599865	59.84414837267336
3.972846297347974	59.86505595142706
3.972599521620983	59.85562241431208
3.9734924364463855	59.87429524377315
3.9738955088657724	59.87057011037346
3.97461366017682	59.871610148774536
3.9754682094586253	59.87880626503944
3.9759865706774504	59.883668703775086
3.976261566210308	59.887589090237334
3.976469739236373	59.897294495540734
3.9756197251490604	59.885620910525944
3.9751995242894855	59.88855397566041
3.9743484269838163	59.88633345444253
3.97418614049085	59.87687553651143
3.974334540368662	59.868057557197915
3.973064217135417	59.859495627278726
3.9730215291668554	59.85996416095917
3.973243299281123	59.85497910780614
3.973844232516698	59.85168244351881
3.973596410082563	59.84638562705341
3.9747593029308064	59.851587958574356
3.97458272719412	59.85006488456369
3.9749732028372775	59.85439616988249
3.9749853817185237	59.85303381999901
3.9746530829443456	59.8531809730133
3.9737821809113205	59.857248356034674
3.9755161059472304	59.87378150051245
3.974968026048379	59.86531197803189
3.9746285769596	59.85331371596639
3.974979096232126	59.854384947548354
3.9757909988316507	59.86507404080763
3.975083637537158	59.86087313091215
3.9751543699720453	59.863059456051545
3.973950364134056	59.846046849405695
3.974446330918186	59.8572874171141
3.973709722856029	59.84465472404909
3.973380263617734	59.84477988609901
3.9741436249097117	59.85076645989255
3.974496128534981	59.86512333600936
3.975959590081348	59.87240651495722
3.978037221423303	59.8995239883865
3.976467712724592	59.89548466787889
3.977581500952031	59.88962196545921
3.9765692324188495	59.886035691695575
3.9770845392840055	59.87911066387648
3.97639587002599	59.87774823051855
3.9763262031376114	59.873868724935555
3.976144541099671	59.86962038613795
3.975007607779922	59.8680341506843
3.9754745931669304	59.86306402267644
3.975575169293794	59.85783371125275
3.975441630717643	59.87393411592267
3.9752963570518447	59.861081715678246
3.975218448112004	59.861011758949346
3.976874545657144	59.87009530975878
3.9779200696994663	59.88825279575046
3.977414030310561	59.885651914419164
3.9778584023130565	59.89475008813795
3.977247425429613	59.89055414080364
3.977532295776017	59.90113935550026
3.9778277534911197	59.907979432331466
3.9785738648969704	59.91252009904091
3.9797798289331943	59.9317746534863
3.9797315190478044	59.9269573977479
3.9793582680098027	59.92243162962582
3.9781427041933215	59.91556363948583
3.9787641165077057	59.9208362220448
3.978130237072675	59.91495627569517
3.9778603738566307	59.91326223467571
3.9771902015301714	59.91971295076287
3.9780451680589324	59.925927081790434
3.977109773997648	59.92577433904695
3.9762319912494406	59.927752541003116
3.9760483838990104	59.92474139877726
3.9755714591182647	59.9160258482971
3.977588311813687	59.93976220152647
3.977406045370189	59.93806170709269
3.975928325297871	59.92708490513367
3.975916174377111	59.922815487141726
3.975470716582201	59.919695651866554
3.9770878115106827	59.927210548598175
3.977499348036092	59.928074776505525
3.9778876871778386	59.93369969883084
3.979629187998626	59.9495151394238
3.980128605118787	59.96191623543908
3.979257734758966	59.95875645159592
3.9794337658116783	59.96372356068887
3.980121027720445	59.9751197598109
3.9801706793349934	59.98325755969911
3.980309946430954	59.98131109974483
3.981175889173016	59.98651729856858
3.9802148464063403	59.9857459749264
3.9800952366353357	59.9811726750526
3.98118444602354	59.99735132591733
3.9802055719425407	59.99121251612433
3.978898052756614	59.97505109096473
3.9780070353353487	59.96011361833219
3.977351339389339	59.965113661308614
3.9767563326312776	59.9609258576911
3.977250032052766	59.96559196112601
3.9768471703023796	59.95926053607783
3.9772431228413567	59.96120337451852
3.9774884579884704	59.96590426148044
3.977237061202061	59.961860082462614
3.976965456381803	59.95876509721228
3.976160450814104	59.94637424715361
3.9762395903559336	59.94981592296733
3.976137277569868	59.94926806971684
3.9745120238731246	59.936996447558776
3.975534363211526	59.9446581419742
3.9751280876988844	59.93702596232329
3.975492454768172	59.93727868706448
3.97614272614989	59.946829323495905
3.9762071015956857	59.955011207809825
3.976241543816117	59.95527184934
3.9770027752200017	59.95034526800379
3.976776071824477	59.936760346862705
3.978170668668124	59.9451501179595
3.977986783689404	59.939678186860284
3.9777642839496075	59.934866085747544
3.9775073396448035	59.92830207673075
3.9768845515318922	59.92240293968869
3.976289540841609	59.92185004323803
3.9772922350233384	59.93303353718254
3.978294229107957	59.94667534406992
3.9782646023604564	59.94231258748026
3.978504796635191	59.94448161257252
3.9782319784868783	59.943838625367334
3.9780612572830103	59.94350043964017
3.9774185994345252	59.94954493910565
3.978020595837135	59.946119669312985
3.977684042141349	59.937148022793444
3.977641152660698	59.93138504269752
3.9770414312124154	59.92824386301254
3.9762210389898986	59.92298862616707
3.975637179613788	59.90785997722722
3.9766839447507216	59.92097182972279
3.9759910234124165	59.900566197944336
3.97616666936567	59.898133256874225
3.9770278532971366	59.902388034891466
3.9768641699202645	59.90215163040022
3.97726047622194	59.91034685740268
3.9765745455450516	59.89859822160709
3.9775327542726457	59.90798165141001
3.977430875000541	59.911092679491375
3.978557052732917	59.91696316847041
3.9778868520069968	59.90909496412054
3.9777743539257857	59.913246143016856
3.978231579625091	59.91027796437757
3.9781972904649243	59.90595364464091
3.9780666819172446	59.907413701928824
3.9774525584598837	59.89917903998423
3.977490954926215	59.900769387724665
3.9776290366675044	59.9074654378523
3.9773171175575204	59.891765601593974
3.9774867830891734	59.8965340042695
3.977351575614403	59.89910579640165
3.9775275337156564	59.90755541542313
3.9779761551789465	59.9033416727923
3.9786319791298266	59.914227158612505
3.978426770887918	59.910949599872986
3.9781881123440446	59.90836290812969
3.9783600167722715	59.90479759407625
3.9777584841224742	59.90271032106387
3.9773116984752344	59.901750701074526
3.9771190558109266	59.89508576608144
3.977348847203575	59.9007360620978
3.9773319572408403	59.90266803696416
3.977522282155212	59.90771767892335
3.9770150975087755	59.89395137067274
3.9768528098255036	59.896060852076154
3.9767607667582197	59.898036596680775
3.9764214555922823	59.89391479273515
3.975565403266977	59.883190660084125
3.9746991058763763	59.882945255712016
3.9750286838070337	59.88179773778578
3.9762138592893415	59.88646728776888
3.97621475836989	59.88511025646979
3.977418441173043	59.89244456010122
3.9764835384959114	59.88760073515121
3.9761157596423744	59.8830491557595
3.9762042002106637	59.8665679819076
3.976325488850831	59.85883089303293
3.977170809844076	59.86435353717431
3.978012003736032	59.86982397454787
3.9779853428620084	59.86458501304403
3.977123188326683	59.8584739194984
3.9766856965476487	59.858742942995505
3.975490546380269	59.85226641112343
3.9751121473091136	59.84989861954097
3.9748038909773644	59.85324618016444
3.974175995084435	59.84827218987079
3.9745750234006203	59.83896262111934
3.9744967576790287	59.83644999583996
3.974696538920611	59.841611940308006
3.975762475067837	59.85865021692154
3.9754528740101	59.86078142010996
3.9764060162689794	59.85871580226482
3.9769608095342126	59.85994978336123
3.9773257660654973	59.86296826908136
3.9763007602267986	59.8566381686877
3.9754303212016233	59.853775427939134
3.975691580081526	59.85060569127511
3.9756248870019855	59.857516240968764
3.9753898986735137	59.85611342766191
3.974976306855277	59.850865260649634
3.9738439366570697	59.84861398015835
3.9731421443897648	59.83095429014982
3.972880514474725	59.83258387038527
3.973163721364622	59.82747346363885
3.973973016599839	59.83144733222728
3.9753235817737265	59.84931646499727
3.975835020954128	59.85340879703737
3.975802244023126	59.845877975985665
3.976365339733744	59.84618376547789
3.9758216387367917	59.83327514416413
3.9754190008167716	59.83506119563265
3.976047424874082	59.83409152128259
3.975957041344995	59.82346278608261
3.9762244894262073	59.81481832498354
3.9767296534834844	59.81546001367211
3.9762042910988527	59.82221353214044
3.97596453421237	59.81278916828349
3.974917749764786	59.800315251247945
3.974900731133089	59.80219377425303
3.9749049433080086	59.80438863206217
3.974804841692458	59.80614365340476
3.974969775714026	59.81414619768698
3.975157741018398	59.82022544367164
3.975369000819153	59.81986692364857
3.9749470843271744	59.81337507521391
3.9751391622781926	59.81273645033352
3.9751896256709167	59.81786731293334
3.975995735132834	59.81632903685659
3.975758301285606	59.81037241555607
3.9778287411611424	59.82675970085334
3.978520972944894	59.83817552526064
3.9792186490736348	59.847424576511614
3.977922701516741	59.83005924848993
3.97807900701653	59.82780239225372
3.9776961588459034	59.83201507375662
3.9791280222365994	59.84446457715551
3.9790173858382847	59.84940000383512
3.9782443796137374	59.84324386859418
3.9785692641900536	59.846886206368936
3.9781428363301994	59.841463144534806
3.978257558158642	59.82297570458308
3.978274688607965	59.82646654047741
3.9782040330082977	59.82863272469803
3.9776063339665577	59.821754426603725
3.9788539399499037	59.840400663809476
3.9793813675639265	59.84932789192162
3.9793161303322746	59.854897138749266
3.9787747644757663	59.8544062123197
3.978462486484205	59.84847045530585
3.9777361242164786	59.85072537033078
3.9785818349274567	59.86331344746361
3.9782107234172144	59.85537741103269
3.9780408489691927	59.863757236374525
3.977629804940854	59.85521628341239
3.97869486495967	59.85894191549934
3.9781091793351857	59.85110292333161
3.9778836269141764	59.85750977117385
3.9783169094598634	59.857272148518895
3.978043938026362	59.85303064587848
3.9774008957557005	59.85313189621737
3.9778111316606357	59.859163933294795
3.977971100253509	59.86033020037755
3.9774721351440956	59.86367273288658
3.977055719122487	59.86494707569845
3.9765761085797795	59.860867665168435
3.9764195415495953	59.861646387004335
3.9766757107739	59.86644142410493
3.9768171940614363	59.86403074740264
3.976457218597064	59.86064630869355
3.977246336742481	59.859243141841695
3.977335197946448	59.86261981204014
3.977095205811624	59.85340019323079
3.976689718915748	59.84715420172529
3.9759607637301966	59.837130376430906
3.9760976447904888	59.83795724544964
3.9767885944615746	59.849301237967886
3.977494247727456	59.85433795879662
3.976611166650644	59.849605178036185
3.976880419253209	59.84916684574699
3.9764915749507743	59.84642899901245
3.976299067498146	59.84013385607131
3.9763641899297824	59.838804842507365
3.9759832212404485	59.83726310036173
3.9753725400643707	59.838751029909616
3.974281886666706	59.82650896659214
3.974477185096089	59.819571017771196
3.974064147345519	59.80997021069415
3.975162793411476	59.820967683472276
3.9750269847926183	59.8198623046864
3.9753448341746074	59.8277371929139
3.975710470081669	59.83525097207553
3.975432646816434	59.830926128964585
3.975702824624112	59.827324091284105
3.9753407392916995	59.82388567136463
3.974763081831069	59.8182731695902
3.974285288666413	59.81737621752661
3.9739161307102346	59.81167443334746
3.974532611742835	59.81224021213669
3.974494803591009	59.8168827782587
3.9744728401271576	59.81320146530935
3.9744649664489295	59.805463946083044
3.9747504006103047	59.81603063460149
3.9745086819036373	59.81865665882045
3.974024509922364	59.81549185393194
3.974824107186164	59.81672348206479
3.9748084819152742	59.812091115731306
3.9759754825291247	59.823132277785916
3.975449444962995	59.82571947443025
3.975340502583548	59.82287957233037
3.9748785229905392	59.81685237321495
3.9758813707872993	59.83392914129625
3.9761570631812972	59.83369692854475
3.9757989014200166	59.836650316570505
3.976405639801948	59.841403227547055
3.9759171663266164	59.840264740028026
3.976232413937218	59.83852015220113
3.9757764378449236	59.83469097442293
3.975827387635497	59.83003743767879
3.9758253428991015	59.83303670526228
3.9758876781682884	59.83700093473108
3.97636834300091	59.84093269233651
3.976139174929537	59.8373463404033
3.9769861856420063	59.844692675571174
3.977166736554747	59.83675974338608
3.9775566542973766	59.83514540714028
3.9776411196156922	59.83629546579424
3.978145380060215	59.83641702763557
3.9780417140132864	59.83159822118444
3.978202411747425	59.83809237348103
3.978428794050512	59.83614808347378
3.979383308948986	59.84097803739093
3.9792174953996935	59.838379626535946
3.9789496284892296	59.83946868224779
3.9796869658287393	59.84418616792264
3.979730486700309	59.83952222470894
3.9798475286790618	59.84222421496476
3.979740195939885	59.83738566234917
3.9788215703148837	59.83596204870356
3.97826928263534	59.83170949353444
3.977629492931347	59.83237109308035
3.9769790071053093	59.82766329525366
3.976401788100701	59.81989781165507
3.976956974269574	59.833316650038704
3.977124293228113	59.82845257220639
3.977353381289513	59.836960259779254
3.9771051614334008	59.83931654171292
3.976400278989409	59.83479328031147
3.9764553039711745	59.83445656592577
3.976942506011093	59.84269153131056
3.9771979971635782	59.847438799416416
3.9777414769152006	59.85238905131799
3.9783018628923332	59.85553437634927
3.978137331729437	59.86118184789179
3.977941404182731	59.866347195244806
3.9779822311179136	59.85961737484701
3.9785568469693864	59.8629883832725
3.9790158443444597	59.87182452053005
3.9786056375191836	59.86244146411507
3.9783582802805006	59.856540550840556
3.9771273174323136	59.85636278638909
3.976971854128635	59.862091556349505
3.9762051748761738	59.85348407408144
3.975712506719656	59.85411839267586
3.9751849115848072	59.85421600956502
3.9744967020125412	59.853930643034964
3.974328530511448	59.8532817397225
3.9754654063561774	59.86717356826888
3.9757166193790656	59.867731668855896
3.9765172970533333	59.87146398009109
3.9766768043088416	59.87575317648486
3.9770178183076585	59.88379260759978
3.9768035338178547	59.88244819391227
3.9762367301978134	59.87782904867813
3.977109281232949	59.88775649589612
3.9783746029837213	59.89953306869719
3.978085279742997	59.90010651821365
3.979265909536114	59.91874464543883
3.9797761395792173	59.925256345161124
3.9801910668223726	59.92830480624039
3.9802944968534297	59.932751948488026
3.980042393029514	59.93285552317895
3.979657001142013	59.930946630948505
3.9789717952409305	59.9285660492431
3.9785121451523247	59.92552480437776
3.9778990875414477	59.928255976757114
3.977174141523126	59.92423270717923
3.9769323236825955	59.92343925200124
3.976013796994271	59.91042669141771
3.975634032340232	59.9115814766766
3.9748277350031564	59.90529098056352
3.975284514115407	59.89989979407791
3.9756763054024544	59.900590345594615
3.975646369406969	59.90800579967035
3.975408495095642	59.903232965160896
3.9751097675986444	59.908592833508074
3.9756432947607414	59.90841369148282
3.975634312676406	59.904083068658615
3.975481527462896	59.903605004388346
3.975466250488425	59.9001886815177
3.975037582449666	59.89054853722499
3.974741072055319	59.89690469261791
3.97467523760861	59.900726657186084
3.9748324428148267	59.90690522098945
3.9752676731137955	59.90528699569013
3.975009970144368	59.90620819298426
3.974478334759246	59.89501805235638
3.9741212335166645	59.893436653535204
3.97329479988041	59.89075027201723
3.9734171257055757	59.8914053983782
3.973028353460355	59.89131929967023
3.972986663548619	59.88950060509902
3.9728010257151016	59.88749991973453
3.972458361302733	59.883131019698496
3.9719864424678555	59.87978766765976
3.971440489809657	59.8693766495595
3.9714061508896945	59.862721060722336
3.971067572795194	59.857424743588794
3.9702211643667287	59.84645097427643
3.9699481983560383	59.840167288891664
3.970391416675431	59.84270760786048
3.97001548087448	59.83586602691302
3.9709668928361213	59.84311725427467
3.9715672527369335	59.84410139047074
3.971296144836489	59.84377513433758
3.9709463524356363	59.846193059377455
3.9701195064197923	59.837478403303386
3.9702086198742124	59.842563925412016
3.970303120991552	59.843798359412474
3.970696977519775	59.84267616519026
3.9702973047442844	59.83646771548055
3.9697775041111356	59.83334777176612
3.969421279147433	59.82877012264825
3.969353350968175	59.83147230959565
3.9704702258043536	59.83833639722766
3.9705018042129097	59.83569691952654
3.9706673111601996	59.83019802484051
3.971959511868206	59.83680751934566
3.972906470374402	59.84310513892221
3.97376467114549	59.85489505676902
3.972664551393606	59.854717755012324
3.9719507431715755	59.84087117707406
3.971974301298797	59.83813851931984
3.9724561844306367	59.85009025622802
3.9728157637861106	59.8543653065415
3.9719312325925995	59.849606246812094
3.972133669479773	59.8524810738446
3.972956946546846	59.86277114335657
3.9734806730738477	59.86661131673884
3.9745299532654683	59.87353057904526
3.9743755494683555	59.875879341378365
3.9745909094111824	59.87411849418435
3.974662015777174	59.87019149132379
3.9753936676632673	59.877186505709595
3.9761569499628635	59.884662134885524
3.975821838000201	59.87463558078352
3.9768236318038928	59.87703739870302
3.976288175411384	59.8697938138363
3.9758168706283845	59.86255254832104
3.976054595089932	59.86406359730076
3.9751015888101	59.85437638820632
3.9741922927134143	59.85110249731859
3.97346302821012	59.849565835279876
3.9730743888337616	59.838757028623434
3.972923079101466	59.845909369661086
3.973237822602584	59.849530777223556
3.973422877141792	59.85886216648179
3.973647838688764	59.85634297514505
3.973778377054168	59.85623539357062
3.974697405641122	59.86609487486968
3.9744526578032744	59.858430706834156
3.974065493950205	59.85053665747317
3.973343519885246	59.84237192634074
3.9737689276934747	59.85148447412307
3.973454750406328	59.856124388186984
3.9729317210093984	59.857607232246146
3.9729265891800547	59.853554858220534
3.9728153333430494	59.84695835516326
3.9721631179958337	59.84077269006336
3.972121346423978	59.837130332829325
3.9722875975405905	59.83188113133609
3.9717862872353016	59.830810854512855
3.9718271569243235	59.828422505601715
3.9728344431232556	59.83396518607778
3.972374284963998	59.831613824523615
3.9721228419840555	59.82956264251072
3.972372180180611	59.83316171118996
3.9720104122757594	59.83227963081051
3.9727699559668186	59.83884059230006
3.973787502967506	59.846461538420826
3.9733577915670355	59.844553694077334
3.973256878551597	59.84382240499545
3.973924730992518	59.84619207527924
3.9738519089646935	59.850593546435405
3.9732564144450158	59.84805697766928
3.9725770408501986	59.83296732615716
3.9723524370427095	59.82661342432217
3.9712490059603986	59.819228111130144
3.971212416132854	59.81945786000053
3.9705406489483024	59.81949329214784
3.970317869372033	59.81878420058327
3.970517298032132	59.81975058922254
3.9696848100900604	59.80985156113636
3.968881617344384	59.806000699646034
3.9681920205057866	59.80011169449334
3.967802479547772	59.79220030812134
3.9673386650685747	59.78410594722551
3.967772592438917	59.79420484158794
3.967787759995091	59.793328070015356
3.968733055325442	59.790632575679794
3.9687780742734007	59.799527028127706
3.9688721840172527	59.79984788524295
3.9692658436839143	59.800034248553466
3.9688586209021546	59.794665989763985
3.9685063908943565	59.78362655017716
3.9685065745059145	59.789037087451426
3.9678587065262065	59.778187099293376
3.969048831329827	59.79039526875483
3.968917992315806	59.789192565265196
3.9691126276065556	59.79381757939841
3.96940599220946	59.798077929826015
3.9689848809515227	59.79804663748534
3.968364682576703	59.79778013343745
3.9691148848391165	59.80060355331517
3.9697850993474564	59.80869224837408
3.9701208130222803	59.80989852390128
3.969472732837795	59.8091946741106
3.9689855648451142	59.80721819730848
3.9684005720330697	59.807444597431406
3.9679552153567235	59.80147982386396
3.9685012093914427	59.801256289608034
3.968781775560657	59.7906119368029
3.9689010372363143	59.7959227462721
3.969019903224061	59.78837587679625
3.969108672213557	59.790474803231035
3.9693121973628265	59.788802977165304
3.969141627396543	59.7860810987444
3.968526748453214	59.77666693364272
3.968649884553914	59.78019852545963
3.9689528775058656	59.7827812800328
3.9684233858353974	59.78104789157951
3.9688028900569092	59.78660920946498
3.9689250109091767	59.79742002835111
3.968771499851677	59.78582571016862
3.9694728541033246	59.79714743732928
3.9689707172912003	59.79853792662383
3.9688972424358835	59.795449010560276
3.9691237846210883	59.79870260821815
3.969166788891928	59.79919121228462
3.9696588419959027	59.803718340658875
3.9696943422524718	59.81045542049146
3.969869760821193	59.8093053235129
3.9702286805736167	59.80910963998908
3.9702758579867514	59.811478930153704
3.9699416287761697	59.79903894772398
3.9697913409205254	59.793002351010045
3.9695148181861875	59.792307406828506
3.9692938016615713	59.78701893059022
3.9700210537906573	59.78065669284425
3.970284192568846	59.78809116856636
3.9704558189501493	59.795046660538645
3.9700712687355946	59.78460264013184
3.969536444850186	59.779111336502304
3.9697579684263276	59.785007164787004
3.9697276195764517	59.781705970131796
3.9694536885933323	59.77294170908492
3.969526636550794	59.768508662891854
3.9699529365804214	59.773893563798886
3.96949933301633	59.77411020568581
3.970158994546901	59.7821098365885
3.970096636852286	59.77923954656331
3.9697054653577273	59.77948618728742
3.969578851208864	59.77833504330071
3.9694377323000296	59.77785973666358
3.9689121055315644	59.774275720542356
3.969770165880518	59.77721845795398
3.9690141516853608	59.77731217460874
3.9693041870466392	59.778856148230844
3.9697715253151613	59.78307344266512
3.9693191474472305	59.779687866270145
3.969202157451449	59.77332546293011
3.969463190574068	59.78246222281684
3.9690995941402867	59.78396761042823
3.969475124310593	59.78502569819663
3.9692191067526013	59.79081152067164
3.969217687378648	59.78975064044294
3.968954686728233	59.78563945254727
3.9688867270677366	59.78357831640252
3.9691629531033947	59.7849277390437
3.9686520654759128	59.782407590584945
3.969391203618111	59.78807213722175
3.969228208621375	59.79167298819891
3.9689316206629304	59.787940788528964
3.9693273488821426	59.791981385572065
3.969743769055755	59.80164382264078
3.9699462909563876	59.80365929110953
3.9691427558007844	59.797589937432434
3.968239563283285	59.79001070694242
3.967521683442391	59.78521527197835
3.967313880992171	59.781923204061464
3.967251668722701	59.77377326670812
3.96779996911217	59.78187816772443
3.968091869716331	59.77995704239102
3.969230879074674	59.790804215703595
3.9699224407902056	59.80195267193351
3.969064242396555	59.796786861212745
3.968689108320111	59.790103461571
3.9680944095321067	59.77748049984247
3.967976942601159	59.78082401978046
3.9694097883130954	59.7987495027942
3.969168378466808	59.79496166649997
3.969079199793263	59.79609518315754
3.9695905552546	59.79751836082053
3.96939892553382	59.79798279500704
3.9688170844020716	59.79431346975374
3.9689588442391113	59.80416279840044
3.970509842157155	59.823879562927615
3.970083963290267	59.820800854547436
3.9694309537322434	59.81866001997577
3.9697003525558374	59.822558081599865
3.968990957845367	59.82217050233768
3.9685057156216215	59.821662648448466
3.9683971937887677	59.82508332870158
3.9683838784751684	59.81948363087767
3.9681715102187303	59.823944003661225
3.968858631246969	59.83064774445244
3.9695366197966693	59.842434530801164
3.9692753763598274	59.84006043524286
3.9693106295728158	59.84128580291203
3.96945072227063	59.842354653889224
3.9696973830697417	59.84416358853291
3.970093953527513	59.84823446316916
3.9699030384762017	59.838252396872434
3.970045954763884	59.83937293946178
3.969881868623075	59.83846353180795
3.9701400052736275	59.83786202877486
3.970777980899224	59.83866873431817
3.971049398794061	59.840007691737064
3.970912139941043	59.83605472874009
3.9706598015699868	59.832957890464
3.970255737557135	59.823263852557744
3.9700385534811238	59.824143416417265
3.969605424886027	59.82865320004597
3.969608967326813	59.83026436308019
3.9698302435439605	59.83773690270033
3.970063492757419	59.847106560644505
3.9702708722222932	59.847483430301295
3.9705263885374156	59.84601163627986
3.9703096441249803	59.84687240354512
3.9701029492641364	59.845305451015356
3.9716868048193175	59.85614451686204
3.9714503952600992	59.857563861610636
3.971086719680065	59.85191893627058
3.971176795748926	59.85311312027802
3.970728346166516	59.852180834729324
3.970301247559077	59.845576561850905
3.969319787339378	59.84172708061659
3.969972918310505	59.850546818854035
3.969666461975881	59.84831677400591
3.969633247193163	59.84934997612995
3.9697480309512243	59.850053702360114
3.970691625335138	59.85472799895549
3.9707776367176972	59.85500495385685
3.970359895874728	59.846838318258335
3.970515783617271	59.85072418114397
3.9709140421409885	59.85911265555357
3.9714779466100123	59.87254730922476
3.9713339368055034	59.87020571576888
3.9716843565820406	59.87022170255306
3.971647388160423	59.868648327317054
3.9712545264569066	59.866801281295096
3.971081491861282	59.86741555949563
3.9709343832584754	59.86333242283141
3.970483923291319	59.85552541492474
3.9714716431078716	59.87024668030747
3.9714125001776353	59.866648617479925
3.971803851324176	59.872381077934115
3.9710130681138773	59.87212476333852
3.9711077901948104	59.88013864660639
3.971113764248783	59.88174088722005
3.971146933040675	59.87868736490867
3.9710312559257552	59.875924175567135
3.9716240265762743	59.88890296836673
3.9713559930640097	59.88974068092654
3.97090720454489	59.88531992794143
3.9709332262899166	59.89058296142475
3.971354103821906	59.895064013004166
3.9713644333151397	59.899243083897446
3.971745464908943	59.89976109753421
3.971078901984267	59.89876878142829
3.970140640785496	59.88946803274448
3.9706841857060415	59.89244217344879
3.9711897600651764	59.899043072172034
3.9712294595183995	59.9019718150943
3.9707696870915687	59.8948499936796
3.9709485028335436	59.89903584858486
3.971829931318672	59.906284201200975
3.9713467323618183	59.90634214127488
3.97139257998063	59.907682319002625
3.9712864887664976	59.901715299167805
3.970887071062258	59.89884592665107
3.9707621336934285	59.89927856012343
3.970172387360049	59.89186244175581
3.9702165789913093	59.88817147418978
3.9706714083710857	59.88651395213527
3.970096313290253	59.88098887241489
3.9704629326493555	59.887167606191284
3.970684592383821	59.88866392126375
3.9708925456164996	59.88912418544337
3.970155943299637	59.88780340391646
3.9701529994207183	59.88342092609751
3.9702080221267275	59.88572712653786
3.9704651912474147	59.88112778890606
3.970922983241662	59.892826559951494
3.970890930977349	59.89381831332778
3.9699815037498216	59.88654319817098
3.970238150509613	59.89022844716365
3.9699564773844225	59.89158480068311
3.9696013875638365	59.87859783457263
3.9689211722161617	59.88302569027051
3.968387729372531	59.8805664286894
3.967710121579876	59.8759250141946
3.9676531390144145	59.878167346236324
3.9672332046648986	59.871629680994694
3.9669586262886183	59.87470461906378
3.9663589630807095	59.87204117295895
3.9672083519666073	59.88383167150518
3.967250620400973	59.879323987431064
3.9668414904820817	59.87705837085285
3.966682640469136	59.87198845593249
3.9667676277960022	59.87471059346303
3.9673090979522536	59.876929533208546
3.96713582839538	59.87165089816228
3.967658277223795	59.86785320702238
3.9674364134751534	59.865951342350634
3.9681023005428346	59.86351871255648
3.9681259577505483	59.86368857840876
3.968757204977357	59.87057042136548
3.968546409287984	59.8704757579978
3.968990947776195	59.87127448342745
3.9688551474572735	59.87312619078965
3.9688503826941184	59.872052361546416
3.968394132252849	59.86743217140437
3.9676293553092337	59.86304692615363
3.967414550363085	59.85717132885364
3.967444446725363	59.86150668748656
3.967294492424131	59.86475307519443
3.966875351665295	59.86067649071503
3.9671412337383676	59.86124093334123
3.967246810735366	59.86670637133975
3.967308505387299	59.86419290305559
3.9676463357159997	59.86422592575564
3.967887390007651	59.87903768003505
3.9672810714723132	59.88024128670614
3.967017082934943	59.8801115590399
3.96763035727327	59.888354679637395
3.9677348241685992	59.89053960064928
3.9673210864504513	59.885711838952595
3.9673126500281364	59.88942929312648
3.967755318225729	59.89024174102761
3.967159477398336	59.885898050768446
3.967481110403968	59.89054886381404
3.967353265372299	59.8892227613769
3.9680614149555082	59.88840367034191
3.968463207334438	59.88620117648766
3.9682922633449547	59.88262180951218
3.968178105568882	59.881512117996735
3.9680856884030855	59.880729826236994
3.968033920676333	59.879755350301544
3.967193991267094	59.874931698358296
3.966955331615924	59.87193664563077
3.9672616221467973	59.871540129688725
3.9680418255683243	59.879103629562316
3.96843056409053	59.87755286689738
3.9686256408729306	59.87709926678612
3.9680779888149673	59.880677104719496
3.967919016842079	59.87728417281277
3.9686747710636414	59.88208810747134
3.9690124535946545	59.88459320156076
3.9690096287383128	59.883563690662626
3.969045543183137	59.884719163239495
3.9691105499576382	59.883915041142274
3.969406663357537	59.885001897376185
3.969133024312941	59.88627908396403
3.96882982916849	59.88790294262046
3.9688679467499908	59.88589558553426
3.968308558866524	59.87567290493952
3.9678857408395363	59.87149627573472
3.9682547676812625	59.87130304666956
3.9673267346158	59.860298923865756
3.967122041439693	59.85463889048026
3.9683690445604416	59.86214170542775
3.968196326976229	59.86015184176817
3.9679421414679097	59.855344910684494
3.967240494707971	59.8564818205065
3.9673198597356514	59.85194416539871
3.9672027081761327	59.85158051379208
3.967359148184379	59.863265432376366
3.967260003937669	59.858415279875885
3.96641816271327	59.85977423734321
3.96598502762951	59.853045356091194
3.9651182983096005	59.83819213988129
3.9653210006967057	59.8402701943833
3.965771299906305	59.838979028679965
3.965587788009248	59.83918060914881
3.965660631302659	59.83378308708782
3.9655844038859165	59.83166100980233
3.9652291459960303	59.8284808013186
3.9656663737353806	59.83253151665575
3.9651969404978438	59.823692511012176
3.964575342903516	59.819636649938516
3.9642881837784	59.81747715443227
3.964141263823456	59.82057384501438
3.964401880380608	59.824318435073465
3.963829259844437	59.81862859571922
3.964628015312101	59.82500158656273
3.9650826605369396	59.82853929268
3.9650805349115124	59.82753902794494
3.964864536325199	59.82722871788761
3.9643541510433216	59.827953098001686
3.9646301325099778	59.82801564178609
3.964137814138368	59.82274489770796
3.9635528425781548	59.813728627583394
3.962905723603472	59.806898804759115
3.962895280592121	59.8065515130903
3.9632482240782796	59.800766268359396
3.9636892771781818	59.80411902676193
3.963878790611903	59.816148983074186
3.9644271156972044	59.81488810272356
3.964434733564688	59.80781561907688
3.9646537415923317	59.81094200953892
3.964760544334464	59.81082067148552
3.964393430453279	59.80432907102113
3.963658624342383	59.800834622069985
3.9633625040661844	59.796187343076454
3.962981738404042	59.79491820820603
3.9636407773749998	59.801578026525306
3.9639271835959886	59.80649448366047
3.964104467581182	59.7981433898302
3.9648745619351464	59.80029565412306
3.964821477418207	59.80164673656236
3.9640938340781573	59.79436741701309
3.9642107986707438	59.792868170498046
3.9640294306267054	59.78918984639382
3.9648421791848185	59.79973448641237
3.9659671840883046	59.80727228760163
3.9658342018131996	59.81127339845507
3.9659502376109925	59.8105435503852
3.965899647317872	59.81192672223474
3.9655479594384486	59.80491593169577
3.9653265560668682	59.80372034430769
3.9649622121473462	59.80036661821019
3.9637638130232085	59.79211884961679
3.9639075763782676	59.795652037152664
3.964157905437963	59.79464594799166
3.96443544243766	59.79635834840839
3.9645125539097883	59.79658480300848
3.9643652493272246	59.79726203366056
3.9643119166321723	59.799353884485456
3.9646479144598055	59.80118554915859
3.965718005915026	59.80796533415076
3.965362893078328	59.81009938313548
3.9649631464249366	59.80619659870871
3.9659392399134976	59.81233687522443
3.965930542335851	59.8112761625798
3.9666316907814556	59.824742014575115
3.9660734919597513	59.82073927864406
3.9657718395109	59.81754779742655
3.9663586337391554	59.81783742332446
3.9664662390191254	59.81777094833188
3.9658507014047997	59.81137249964953
3.9657423750346483	59.8095739408171
3.9655045190282388	59.814195875183046
3.9652203888477766	59.80441545286687
3.964527896113582	59.79608615440351
3.964272320739184	59.78750561167505
3.9643151481807646	59.78494981080869
3.964886394359065	59.78960711157583
3.9651802945755805	59.79843049536107
3.965021320344071	59.79283728533216
3.9652230804909574	59.79420314679601
3.965007136856422	59.79381655050768
3.9652100826534102	59.79520137973642
3.9648528337211073	59.79646421933895
3.964726674570826	59.800449668629646
3.9645113795113534	59.8068671004634
3.964827225737065	59.8114602950959
3.965179496658896	59.81660311939811
3.9654470438207534	59.821223415774206
3.965605674803837	59.821934921224205
3.9652695796342865	59.82650572966923
3.965252781851629	59.82230497965707
3.965078625124081	59.81271963293413
3.964747062214996	59.80980857347081
3.9651756092209887	59.81233764689162
3.966020767908684	59.82265964469466
3.966307209195655	59.82380367294404
3.9675049474491715	59.82816781436583
