7.522615015631524	96.03338317827478
9.05155808830066	127.78670242306809
7.582941910508091	109.19436351131706
7.2863518023794285	101.67002514948162
6.873032747266481	92.46232395425893
7.605378428404388	96.40620543047991
9.269246651469453	118.69157297613465
9.955416954046093	128.11260423437542
9.890384631788097	126.5594241982381
9.467896875836193	121.38329327995163
9.422288013091148	119.59057862769562
9.800340383699893	123.793773267787
9.853427306755002	124.36364561923656
9.389654769894946	118.60616551446063
9.493067953136844	118.66334941420872
9.863225544057094	123.12999378796728
11.274539059225827	137.3958164923574
12.070297531951834	146.4710262304214
12.63072775566569	152.04888744940914
13.263219272160066	159.63754389761624
13.962946732049296	168.67989340731526
14.801174204333881	179.24357752038352
15.35365011732877	185.85997510451676
15.878403852965405	192.7900636447782
16.18144494187975	196.69503576029544
16.56831722746945	199.8961707258587
17.042128845858482	206.95838628404786
17.567121451194396	212.4749030814063
18.117934966038387	220.76475378787222
18.26030859158187	224.05286615438527
18.4104646451764	224.98990959284214
18.686836975540356	227.65689716396054
19.21525442187888	235.28882965567277
20.08011249689371	243.82993746229138
21.042002726184997	255.4231544797131
21.958066077067514	265.711051688888
22.84883087432466	278.3995858452249
23.60239292554633	287.4650420419032
24.065149330181736	295.2933897882755
24.219243023702788	297.7775781602812
24.168608768029817	295.64782481032046
24.178548583721682	295.7764195678665
23.989230375867113	293.3280301883411
23.663839883267134	291.111543764342
23.26921009985122	286.74973651117614
22.894059760730702	282.4658244953815
22.623018690889193	278.34604148476353
22.38094401135737	275.92944671537833
22.03809353950003	271.66454929194924
21.716029929421033	268.8736681315065
21.370128834270787	265.7155393452627
21.136168145861927	262.10192613310176
21.02413361413716	260.34557980122884
21.166598666740708	261.3558676838392
21.48737641738398	265.5743152710438
21.72114780981823	268.2214503527887
21.95688821112114	272.37053928921785
22.05933332760059	273.77489293886407
22.169422972473328	274.59677159749987
22.304923083785134	276.69787423031534
22.560258660189987	279.80530903525766
22.841705677979288	283.33159427173877
22.9772379271231	286.0802350610529
23.17702084225922	287.46692517534314
23.48486663161308	290.85735110606834
23.823235189547585	294.8125354706915
24.071496321248993	299.2189709691903
24.291347309975478	300.69386233227976
24.650294146897977	305.72863321804476
24.84009302922447	308.2079489594284
24.99930358261813	310.7587781207256
25.131858674752035	313.7850562859693
25.173352403439445	313.7714386086574
25.330135340688074	315.2952086141639
25.389006883222148	316.395821031607
25.434098453059185	317.0571048276722
25.49974306147455	316.86071259823774
25.76356124430761	319.06183282182815
26.069457638688075	322.4666732969482
26.34528608777382	326.6788251648629
26.497476636437504	328.6823288746608
26.696965290667002	330.77076109314305
26.905909305399266	333.6439948727366
27.148904314407854	336.93789151591994
27.405750367700527	339.9059505721315
27.659943199699356	343.9164021938321
27.743092403445562	345.79499127503055
27.810914168105334	346.9792693941194
27.92340757593137	348.3901786342681
28.15487789212569	350.3141488881979
28.406976731609262	353.7105882658722
28.706664932406916	356.33188762511594
29.09046569414866	360.16152334890705
29.61904641945732	366.82349979303547
30.276607727780892	374.4340725718222
30.93797630613614	383.2317065018127
31.653671840674058	391.71671297621555
32.47692896519984	401.1855930994664
33.24527826359906	410.89669763992913
33.92494291638706	418.4820261066902
34.57674126788711	426.92553399220265
35.2025441432473	434.52918547126205
35.78115024482866	441.90149582937346
36.336452378860805	448.5449314422647
36.93307346673876	455.6959710936779
37.502499342335305	462.9578723160735
38.08890203165697	469.5290918648987
38.58525388978569	475.9802878465842
39.09579688976316	482.7917516220564
39.566075714713435	488.74433785719907
40.01730443758866	494.55417991156236
40.357823025573744	498.08001970955274
40.753972354264	502.56808396126627
41.210176212095305	507.97910486703887
41.6547190828497	513.1540111973655
42.14183283559961	518.3937019013176
42.5787441907684	524.4828640448877
42.944866723336524	529.8878640662236
43.237540136781696	533.372558010715
43.4874751942182	537.1587260222226
43.80736612719518	540.7029549191138
44.09170489927146	544.7278985023347
44.35563906103842	547.4905774718515
44.64012280284044	550.5097192989768
44.9283135479509	554.1232554013645
45.13666952387891	557.3884704352467
45.30963030052782	560.1222954087399
45.472010662819315	561.9067447954527
45.69608899477178	564.0952612750553
45.98749736648214	568.1965459503804
46.20809960052295	570.7034300126271
46.448486590652045	573.1879305046606
46.67121762807067	576.2591933651954
46.78798283855117	577.5762045476251
46.97243927040288	579.2886085417008
47.20010100034639	582.3296404033539
47.409694974712636	584.9710187512147
47.61406621004603	587.7228208394475
47.73047465921587	590.4363077095393
47.77323697551059	591.0961711506883
47.75003510313661	591.1975661824026
47.67735092040498	590.8524070425294
47.53570240309921	589.8139213571924
47.398899406315955	588.4846829580051
47.221221538700725	586.6409073063395
47.0658717644385	584.4040207745081
46.93256588597153	582.2014502309127
46.75809769394541	579.8239177798712
46.541000630578374	577.3228051023806
46.354616289080774	575.4366160022637
46.125750717354705	573.092843525974
45.85536447510172	570.3776923251312
45.60961957832255	567.9548395670954
45.36308407903858	564.3663617748904
45.10453549571352	561.542409785836
44.84813604198202	558.0677391023862
44.615859384746855	554.6072781791345
44.378795345995805	551.2460428195649
44.22983996117214	549.0600822764321
44.134761630500755	547.8325726049551
44.03508362004353	545.777402834844
43.98654755583902	544.8569418154842
43.96581509191102	544.6993559649814
43.89625955579905	544.0040227065083
43.84356024756304	542.3606728111507
43.74428176720376	541.0319711923984
43.62561960585021	538.9996405061826
43.53574872428203	537.7945430645683
43.48202587125186	536.7105810522453
43.48645901500766	536.5451577996868
43.456922284188465	536.4793919331903
43.4711755057975	535.7326620727287
43.519547447981225	535.9270405860144
43.63888015532054	536.429893820148
43.8182843985592	538.5602085740438
44.002180108180525	540.6201535105705
44.23596378108638	543.1051275781056
44.48755131707119	545.370808156835
44.730807230439424	548.2867720324518
44.99050977030452	551.6547519518545
45.1757428027718	554.6106340018113
45.30007277577631	555.8790815949963
45.425308602403824	557.9705654483859
45.52818768515824	559.1003248543774
45.61740671079482	560.4972487157072
45.76036999752205	561.6251283100266
45.928659619326496	563.6836151047886
46.078934718732604	565.4595122142096
46.21032964964806	567.8027286022362
46.357044101609155	568.7980871363254
46.53281759301029	570.7653747360711
46.68970386303773	572.8675987881801
46.81402747291422	574.5696217661758
46.88510418890355	576.2249105257213
46.933138300383696	575.4744478249495
47.007847945625116	575.8461373340339
47.052434228019195	576.8693834407957
47.05530690320073	577.5566132969201
47.02109592336004	576.4779600831123
47.01013348808979	576.1634172781436
46.98446551354724	576.080372197374
47.02426423755552	576.9731550507518
47.101349347765506	577.7386052928542
47.18254118984648	579.0197555280793
47.26150561636386	579.8090156405694
47.32413880319651	581.322158226446
47.345216859589335	580.8253589450536
47.46117575918217	582.3571659369802
47.5386132582326	583.5299630561609
47.53983947234476	583.7656927701964
47.508745290797094	583.4892465866117
47.43979142839739	582.7466412063384
47.33669672293241	581.3597771661134
47.24388954195152	580.0454596659266
47.1466985707284	578.5146119683814
47.04127146520429	577.2700295322445
46.910886966201595	575.5015059831982
46.73860575592277	573.7058589409354
46.55251599954606	571.5220594544015
46.36324433547979	569.6154367352433
46.17232104771181	567.5766914736807
46.023311077446316	565.3698271249456
45.89124709720393	563.9464421019363
45.75639990664658	562.126156074299
45.601659967526935	560.216952917964
45.46638288563698	557.6880614466065
45.3481940273072	556.6351862400018
45.21142397784582	555.0998743645188
45.09691056100198	553.4895498956619
45.01358667933458	552.1175861477735
44.961898448683115	551.0406866201788
44.935140814757744	550.4198874880818
44.9438268926743	550.3325741960339
44.952448458423056	550.3421488980362
44.98012687763093	550.6814178819301
45.01892988163538	551.1568797544153
45.08266794551627	551.4153949640282
45.184070918731535	552.8476846195332
45.230238400713375	553.4615740816141
45.2491404556582	554.0239967361983
45.19560644936318	553.6969154094585
45.11964603416857	552.3922937741368
45.053255912380024	551.1633421736268
44.95066552041342	549.72662536034
44.8884964034654	548.7408707949426
44.85470722889922	548.0138057267841
44.81134603347059	547.8955104496109
44.754219683432	546.7510582014845
44.64005429604184	545.5398046485242
44.561558003739755	544.5847890305658
44.46843840741288	543.8482072564889
44.36871883472405	542.280356301842
44.25849838908816	540.9372025332973
44.15859760177028	539.8933232659467
44.02908836729523	538.7867327998526
43.91168070264168	537.6083338057123
43.796320156146294	536.1111826688001
43.66465580821531	534.7538543601768
43.554610505563694	532.8599017923075
43.45734318659015	531.5049421489028
43.39570420776472	530.2564980444148
43.35064051278431	529.2986942610787
43.33253342457479	528.9606075964477
43.2808769552095	528.7844897575559
43.24275904447437	528.1203385876368
43.23393253498635	527.5736396195865
43.21251964022325	527.1183770931857
43.16809091373252	526.0651018514105
43.15211781523419	525.5226601810804
43.1730943849581	525.867766192775
43.193979160880666	526.3689583722489
43.15113498328732	526.1311340511046
43.13194176402623	525.7487766742706
43.118117164742635	525.6279446748285
43.11479463023508	525.673621073624
43.09204905567972	525.5592372676974
43.096205311815076	525.6174743394207
43.09384023568789	525.5961210378152
43.082353465861104	525.1573560172607
43.05348795875785	525.195031736138
43.027421089172165	524.7701964434236
42.99742322886128	524.6386392386137
43.013727361793194	524.3166479562566
43.063779101101396	524.6723837284815
43.08537380823753	525.4313879053019
43.08646759518841	525.6389762074683
43.049192804923635	525.4143455245846
42.982597042716435	524.8299017085606
42.93125347305869	523.5813301608338
42.91319101483959	523.3315977418761
42.90390951101401	523.2257177217584
42.89723332208472	523.1879761941998
42.90530943772053	523.0395533701937
42.94438061175633	523.487577908519
42.981992124918925	523.8458036294548
43.02082946576003	524.5434102099888
43.06725780936904	524.7938554178052
43.13629905468532	525.5004613325756
43.21899277147934	526.481109744348
43.26259569448139	527.4139671526559
43.3077917617611	527.7945335161847
43.37416720185842	528.8963053148335
43.45850376719339	530.0030847841197
43.49308963380046	530.573806126753
43.52575609346338	531.014224340407
43.54257645149807	531.0140841246522
43.58278916294075	531.1246949265897
43.61620498739865	531.820710060212
43.63116242393109	531.9753724450612
43.62313223703488	531.4667319115046
43.62516595816122	531.5695421050232
43.6118731613428	531.5889214615692
43.590939398360895	531.4794792582724
43.56434859252087	530.8533261001946
43.54295528808462	530.6692384222226
43.52807989966522	530.7005304469226
43.52597404320072	530.2062420276242
43.550712980940915	530.5501236602
43.55298656768118	530.3500209349776
43.584027958985416	530.5689429449092
43.61589942688459	531.0337081749028
43.60160190747753	530.9693973226724
43.61722252720773	531.0351630715603
43.69125262106809	531.746040789745
43.75175045359659	532.5587602029727
43.86990167430022	533.60815667516
44.030067170179635	535.5008169346402
44.21319511696557	537.606227928273
44.39528626441049	540.1645407171909
44.55724901114891	542.3455648987839
44.75667288552724	544.3156910634668
44.97223788339651	546.514750266814
45.22837396806095	549.2723753233475
45.484546432609996	552.6649551383217
45.713923656130866	555.5319622057381
45.933831654551206	557.6454571575397
46.17040867935303	560.5990893512648
46.400848531198136	563.1076585559099
46.63688781334504	566.2911456769476
46.83794943527416	568.6111452509267
47.040569731071734	571.0853003607032
47.232572730992544	573.362749905452
47.41882982639665	575.5024578802047
47.63185852702009	578.1027637292087
47.81423721598436	580.4672514052484
47.986423984260796	582.5720245108828
48.188833468592975	584.7027873515916
48.40760119585403	587.2360637752422
48.661131623919104	590.0880798039018
48.92829856538072	593.1387576479384
49.191867780638844	596.2479053012244
49.466959994361574	599.806059870001
49.710379611485614	602.7742830319377
49.90010648065864	605.4717290201789
50.08423393031941	607.5137714786518
50.289077819423596	609.9106871584803
50.492796400499834	612.536500481076
50.67119602840686	614.9597664789073
50.842698356368665	617.125956608238
50.98943301926318	618.5744191052974
51.13916869455162	620.4416030498804
51.28155429882774	622.0458837102195
51.419994407814514	623.5329203292115
51.5914518039089	625.5245141833599
51.79830151707903	628.2232946919505
52.00564369442636	630.6150941638773
52.181136500158395	632.9341333781464
52.33901181759779	634.8653413908486
52.49137195654623	636.6947762664034
52.63774912751942	638.2075535948455
52.7873073298501	639.9681178387406
52.97078560738819	642.0003989781767
53.1964289330693	644.2643430507172
53.451316970830405	647.3702249712534
53.687269573949244	650.2818504603616
53.91603310880585	652.9663447154318
54.157250825764045	655.8716209872222
54.40231644085625	659.2810776808604
54.64769718485493	662.3433717006357
54.90274576525563	664.957558273047
55.14421391562192	668.1135945051233
55.37951550234973	670.6638990358332
55.60817640491956	673.3814057999418
55.85372290418575	676.6232586960241
56.0909731113279	679.4449286172073
56.32885730131993	682.3097986923601
56.54659007358791	684.8948002243121
56.755924935075534	687.6283801666189
56.965105345104575	690.1814569955153
57.155787151058	692.1162385303173
57.34540476300993	694.3245229879063
57.53296459813011	696.6512187753468
57.696845876127796	698.5836332530021
57.87733253458028	700.8247406232468
58.057585692032696	703.2427583064914
58.24197522344647	705.4954531278958
58.425929187496145	707.8868938185798
58.612928512010555	710.3515696648752
58.78102219728846	712.8401151937492
58.93757657395415	714.5031256129923
59.11093106961097	716.514182848428
59.28212856150517	718.2464039101762
59.47917433015759	720.2195579668117
59.70052460554214	723.244898015469
59.91795540067751	725.9704408841301
60.094208867967254	728.5596615859146
60.2516063304966	730.9574378218664
60.37638759890428	732.6693939532959
60.5000656074504	734.2589564825496
60.62055405223979	735.9550065075557
60.707634582313155	737.1726752023469
60.78079304593603	738.2572740253834
60.830463342555404	739.0561294516388
60.857421333305325	739.433743846764
60.887544399114894	739.8496269466075
60.929541087541615	740.0493165674233
60.97140519438872	740.4643034484129
60.988630689146795	740.7956497890918
60.99660702916105	740.9425496298418
61.00072803991619	741.0781211043854
60.96515915012683	740.5885929273644
60.92619000215104	740.200149155711
60.91539872772476	739.5163205350561
60.91525602259698	739.3883836136172
60.93530744475707	739.3654072336884
60.952089806175714	739.3742183318742
60.97882911224478	739.8198616549718
61.02714355295745	740.4569083114226
61.08148087673454	740.9223929161625
61.13700860080965	741.4029715167313
61.213732644818364	742.2107680964228
61.30978804219985	743.2532183035548
61.43091012490665	744.3913456371694
61.5561167752186	745.7875963465618
61.687404288739856	747.0842429294225
61.81846497519273	748.2399684228201
61.95469942202259	749.9433169506477
62.08366942681547	751.5587233580472
62.20198606978398	752.7683496804284
62.330551846105294	754.4826083164924
62.465830292884746	755.966826541778
62.58780442720572	757.2556108448365
62.71557238706312	758.9255242656202
62.83244296902434	760.1872386102526
62.92981083505041	761.4892133681001
62.998674514275045	762.8600977433041
63.0421785681269	763.4058286066368
63.058536274757685	763.5195743541675
63.05481493911962	763.5621497103052
63.06542807463247	763.3328363363685
63.052601305619184	763.606959958103
63.007003769347826	763.3118655521216
62.94907727603656	762.7639964169683
62.88638123699903	762.0557075030672
62.785387934503156	760.8492057050197
62.66642710661757	759.5594053236746
62.53982294535003	757.9411912315747
62.431533796080515	756.3455225129462
62.33768652227286	755.0599845288826
62.26728853461912	754.1588395450834
62.18455669477093	752.9108505919246
62.110110805228445	751.6337516462086
62.05760676493977	750.7557008796072
61.99939115912094	750.4621955955962
61.92670941121501	749.568413263805
61.84397735994	748.7151361697523
61.78262850968356	747.7643517953346
61.74152402860209	746.9955597928496
61.71837651994421	746.9914474285495
61.70428955846187	746.6470566611258
61.68081837553369	746.2219818025947
61.66839447386247	746.1543755873976
61.6401174094314	745.7355836301683
61.60275297044257	745.4292194526489
61.55451032114839	745.2753065775638
61.48247165498565	744.7363603641103
61.405151371379624	743.7536215028234
61.34759600474456	743.0105799900317
61.29143395183959	742.8168220359559
61.229718064881936	741.9598099334623
61.17423689049918	741.1479268964815
61.12809133240776	740.3569818801922
61.08100694146816	739.6488305047346
61.05213779567695	739.377822922827
61.030661750300936	738.7347684929808
61.032885177381	738.4725857978243
61.0499807314525	738.6362622556694
61.04327188577704	738.6647108385779
61.069043704583	738.537464363784
61.10813092213499	738.7249379569174
61.163554137411154	739.2927850032573
61.202804805181096	739.816878034883
61.23010341761816	740.2568598901333
61.248736410569926	740.4709170001674
61.26548028739992	740.9034425407615
61.25989198935048	740.9446801882308
61.25703505228709	740.7180508734473
61.24594686796951	740.9023855930012
61.21814811752858	740.5540826823302
61.18409528395215	740.3092919733194
61.134814102192166	739.6411945230669
61.09667147011391	739.0785753162871
61.055289944573545	738.8326585915726
60.98040974617584	738.2687127570516
60.90907234548375	737.1858965721915
60.849099142830894	736.6237290070679
60.78489790981616	736.0387685762053
60.70602644541055	735.1289972413662
60.64099911625734	734.4157167826419
60.588561672114785	733.4480525228322
60.54153967242733	732.95305285579
60.50143552550939	732.5125524550342
60.484148531875164	732.232877801972
60.463825171969944	732.0891870378695
60.42234900177666	731.430926959025
60.373963038901685	731.2044344110462
60.30406910177661	730.2307934330689
60.22493281281328	729.3449625243755
60.13360697798516	728.2827167450158
60.034700465293575	727.4672419284652
59.92617558703628	726.1104108107968
59.83528632921575	724.8834440223355
59.747397048501185	723.8613641874094
59.65003015325109	723.0585449428296
59.552341995326586	722.0271632549766
59.451114467349484	720.6195693011474
59.355646173508084	719.4485881880875
59.256714797935196	718.345664408443
59.160532920508686	717.2480194411266
59.06771336886728	716.2179841112329
58.97654652798284	714.9352303407625
58.88530267005488	713.951024130465
58.79201200491783	712.5359244769659
58.708533192424234	711.3494699865527
58.624270239943165	710.4764883536312
58.539531247181785	709.4363812449002
58.4547167945699	708.4753893774711
58.36868868292747	707.366447922041
58.281883719458314	706.4603146504247
58.1955125997722	705.5585272536808
58.116219122517265	704.741658964844
58.05799593048567	703.9956850215597
57.99464995542576	703.1354925378372
57.954689788923396	702.4810883504822
57.93092002313255	702.0758597421183
57.89494519000764	701.8867605743468
57.82186996727734	701.0394430459625
57.73928619953794	700.3348569576237
57.645834879275675	699.4451896726285
57.56092011672408	698.2980530297227
57.47112529398877	697.2460191627993
57.374857278487774	696.1152000378336
57.28774953875444	695.1206910571226
57.200282415420645	694.1721020402243
57.122263131056606	693.2869345276758
57.04031058930592	692.3032675757121
56.95410010655963	691.1925432349404
56.88252042595389	690.0847135051314
56.81907784130002	689.2765736387076
56.76170017966528	688.7660260152282
56.68926111923407	687.9476977584984
56.625628086310414	686.8897687133692
56.59313555928767	686.4084302867911
56.5600651277613	685.9205145937382
56.51558983754561	685.3682819959935
56.45058278861972	684.6649255356789
56.37304202448843	683.565329936994
56.31968642237055	683.0515705596001
56.26640839866183	682.4653365290405
56.22925698438986	681.9292868313214
56.1990617409706	681.5745177683381
56.20133245388836	681.4930324756951
56.191451775115354	681.4809200037715
56.180366061949165	681.4538115633507
56.165594980505	681.3097383445763
56.159687734236535	681.0818009242496
56.174182944868456	681.3405085486044
56.19159766564888	681.6105655975382
56.21086852931042	681.7601412936712
56.21106403565887	681.8212019659743
56.200678454656796	681.5876881883498
56.16802556426704	681.2265395606415
56.131269502053726	680.6266663826576
56.10203222564792	680.1893391874991
56.111844756012424	679.8735720720614
56.142580112400914	680.2815993217292
56.16507154514763	680.5428216946146
56.20015430539248	680.9332522475397
56.22496904705979	681.5498408874776
56.257338672797815	681.9304852132976
56.25030633232518	682.1133515299789
56.23338290997269	681.9891289818062
56.20327846474573	681.6350164556485
56.16349008496827	681.3257042883431
56.13175554466907	680.9282248616037
56.11519614412464	680.6687066634036
56.082348254944094	680.5344742345246
56.02681000616665	679.9857737786658
55.972685537512405	678.9261958213662
55.91615386772729	678.5254792324569
55.83202521626816	677.5831552855085
55.74772148818071	676.6609651703485
55.66396293256714	675.790134190401
55.595610102275714	674.7889711658014
55.53071464087097	674.2139746684902
55.4533148607701	673.238681871611
55.38552643126635	672.335468510931
55.324294388293374	671.7134591241432
55.25682609807655	670.9259073647295
55.18768256879706	670.05114679645
55.12241808283563	669.223687546887
55.04435170335203	668.3514961136467
54.97646445934401	667.4261826031246
54.8943827508896	666.4170106578139
54.834114086825544	665.3881448923987
54.76818928133393	664.6633642548001
54.68668361251245	664.0320871606082
54.60530594870961	663.291864174265
54.5316329800285	662.4055106715891
54.465048769133645	661.4972131677689
54.39033812449024	660.7276990475851
54.31335925472321	659.9083758908831
54.252609386060946	659.2427471721834
54.19452969714523	658.4382112736457
54.151706100357714	657.9474399828614
54.11108278189478	657.206877700047
54.079838493096375	656.6027187702597
54.06464807299887	656.3213825799774
54.04783507386605	655.9574529479088
54.04267641036432	655.5462320489163
54.06260643147819	655.6716787312167
54.08000745151071	656.0395030425268
54.088546894490456	656.0270201993139
54.091810135925314	655.9927495681632
54.10152462716543	656.0787091140752
54.12750752363584	656.3203225515351
54.131042542371816	656.5607076795737
54.118206043461534	656.435542109469
54.110068857782345	656.2219396492422
54.11287827621622	656.3072947180168
54.135155004116676	656.5872158494442
54.16133813358816	656.7904123740104
54.16397562390858	657.1007765701014
54.13486192551212	656.7570062172019
54.08618735399621	656.4228214003178
54.021475026566655	655.7285394054239
53.954092412827706	654.8375386791638
53.90734304506461	654.1156911527639
53.87605409906076	653.4397142642622
53.85270666391459	653.2270340543685
53.8335895314714	652.9842888945993
53.80448812068697	652.8431423593147
53.77565210164434	652.3609156707649
53.751496461721395	652.1174626384017
53.72176739692158	651.6452540814419
53.71194874253571	651.2143612941419
53.71202156698423	651.1048587502404
53.73841123510807	651.234721456665
53.76144160133961	651.5839262249249
53.7780248295904	651.7351521761273
53.78464346682494	651.885263704305
53.78658757891236	651.8591745387005
53.79879197516613	651.8582878289114
53.810674868567716	652.0720524264175
53.82536958859299	652.1216550521867
53.84143145757577	652.3859428859306
53.85131953594643	652.5752635360649
53.83393757463277	652.6312628142259
53.80649434691456	652.1900842748182
53.78300461912514	651.8758964296468
53.74655739444239	651.5813185279367
53.702381749249504	651.0553948309039
53.67150407841937	650.5539216802008
53.63755436379057	650.386104905635
53.58434203816795	649.9253848477917
53.52542888253927	649.2005010242221
53.45340368406903	648.4521734697134
53.388166674515084	647.785552038182
53.32329043510621	647.045586562678
53.26658888411584	646.2892397391253
53.20559050715085	645.8454674909199
53.14076139348785	644.9328102205495
53.07609576364285	644.3853778495264
53.00855370787939	643.5352889131078
52.953077444728194	642.623049864824
52.90139954865274	642.2314787109036
52.83595779615421	641.4827782263591
52.76610478027112	640.7556643314051
52.70507519169917	639.8343195675915
52.64936085613185	639.3533789282126
52.5789811308887	638.7870121564185
52.50817944744488	638.0273955680628
52.44200435950723	637.0814097836611
52.37421250290746	636.4321967546379
52.31235172564121	635.7430323657829
52.247751129906064	635.0572189604802
52.181967966120304	634.3012150740183
52.11389288589731	633.6642667767728
52.052709957523554	632.8532744712976
51.998073602298895	631.99418083536
51.95878285027733	631.5415578202118
51.92974275994222	631.1223605756625
51.90634552268016	630.9174267031688
51.869372869930444	630.4383247560335
51.84129229052687	629.8140800413515
51.8411303082374	629.4219610351234
51.83557700391815	629.524228149823
51.795931558633896	629.050023617538
51.752082012797786	628.6324116454766
51.72368908420131	628.0975898594953
51.67992788810625	627.6449705932812
51.640209259447026	627.2589535294522
51.58595907214607	626.7850064205572
51.52351206589535	625.9975203921425
51.46413060104935	625.4245496684339
51.397769268244424	624.8190859286435
51.33325778728897	624.2351669187034
51.275728312393284	623.5591745087726
51.21612319932129	622.9631924939914
51.16721660457608	622.3215060439604
51.113717726917315	621.5717740108762
51.07013936600915	621.1349422583194
51.04074023892486	620.5917684749221
51.005319836214134	620.0282898238244
50.96470207067435	619.6273065413379
50.921758472506184	619.1803816050331
50.89146847617595	618.7145279774801
50.872585020843076	618.508228827801
50.84554782285094	618.202713487372
50.784766376635076	617.6754324380576
50.72386401663473	617.0772684018357
50.66545458002442	616.3721580949954
50.61516271441599	615.6806218000307
50.56794455398892	615.162775028319
50.509161900856895	614.4870313189106
50.445506107794124	613.7518045295039
50.382780038215884	613.112040643405
50.32427885926385	612.5736228630004
50.261565659950726	611.8319344852686
50.19945145876798	611.0974268005561
50.13969808104904	610.2912849902284
50.083978450532314	609.6513153110226
50.02846050257197	608.9138529514782
49.9760656990602	608.2976340305715
49.922780033158546	607.6704701367629
49.86819862524577	606.9944172263927
49.81230782020511	606.2201684864981
49.75973416669035	605.6017109776723
49.70681134760916	604.8314791547098
49.66329923159635	604.2417307689811
49.63103193442742	603.8542727055942
49.620603028890976	603.6022885428603
49.610987414593104	603.474344782372
49.595212996407525	603.2390804851786
49.59296556496751	603.2170716890973
49.613216864264935	603.3554564363283
49.62652458110527	603.5389044562711
49.63668712224215	603.6679137657385
49.64011044183248	603.5376520504151
49.63494956497049	603.5609867099507
49.616713583634215	603.3447341417586
49.60399007000493	603.0992516754612
49.576390017747414	602.9774535103128
49.538887264154155	602.3028915970249
49.53299720988729	602.1252077473887
49.51083089692535	601.9410597102382
49.478653816214674	601.6190151716231
49.43996531675113	601.2651363936097
49.390210411345635	600.8712514838494
49.34148082090643	600.3150696348981
49.30504790474752	599.9714636132874
49.27704691763737	599.6828367462186
49.23755048571131	599.3170248597654
49.18872201942784	598.7116031295293
49.146697049888196	598.1733838027317
49.11330695516618	597.4592600280404
49.094936057529544	597.1317294551969
49.10016386768047	597.2004610184548
49.10265558390048	597.2048196698303
49.10779828600658	597.2570061808565
49.104084746176454	597.2015082285802
49.099962344235344	597.1101117594593
49.114725857931006	597.1248436428228
49.142839783123485	597.4257464715231
49.17139564536554	597.9018290683564
49.176818961203004	597.9114113153472
49.19363218943731	597.9210584259033
49.22173438556318	598.191343241995
49.25459176934844	598.6270889990694
49.28583706830597	598.904985525016
49.336052982717284	599.4135305943572
49.39463702056329	599.9778005256651
49.454633180142515	600.6819612261402
49.53077351998238	601.5208653239187
49.60866524661093	602.3350130491038
49.70280194370054	603.3770069726681
49.796496387948544	604.5669892538594
49.89438924135988	605.8694792996376
49.992327810140935	607.018944131598
50.07653931202897	608.0632145154757
50.158040909620915	608.9207452052505
50.24696070212535	609.9913590464079
50.321597841000425	611.0425384296898
50.37836444331672	611.7227901598642
50.43942441628869	612.424383938762
50.49104037264887	613.3192787156516
50.52331817435546	613.7328314108879
50.560052198485835	614.0466282339635
50.59684675880221	614.5765831723811
50.62898986512115	614.9270024105855
50.667527006285056	615.3858486739115
50.698965912693374	615.6970983767023
50.73932185833198	616.3008267558429
50.79320515297335	616.8847017640612
50.85940169764746	617.5107990111926
50.923080071776816	618.1677081017673
50.97790054327707	618.9776787461179
51.00681738920041	619.2585458526192
51.04275816094792	619.6707107814801
51.092375151469675	620.1265190084799
51.16351341713991	620.8130332115093
51.23894700156547	621.7046019773366
51.31829301843654	622.567145551057
51.40590232548341	623.6828983982297
51.49346795638325	624.7216156081404
51.57936793839125	625.755422150939
51.666213531372016	626.8313443920205
51.74306225070504	627.7400079651717
51.8163469104584	628.4981211783874
51.90254850365951	629.5508477201498
51.98664378370369	630.6240564090209
52.07830603185076	631.6970081670912
52.15910627792576	632.8531866511864
52.248785758047134	633.8252701416015
52.35258336363223	634.9070287622608
52.46023242868635	636.1890765980464
52.561174556487835	637.5437012360936
52.650643693107796	638.6823240344713
52.74935751993111	639.8406442142315
52.842746568182505	640.9497562180036
52.92930576720263	641.9914352709408
53.02231352517082	642.9260943001408
53.12678061017289	644.1384958798537
53.22509442655065	645.5698741967572
53.32969848548612	646.7530290419044
53.42648670654183	647.8567762120625
53.52680856777184	649.0342649870598
53.64017201141927	650.4163275281613
53.748858320237794	651.6331110819757
53.86302983175197	653.0093711029912
53.963206413149386	654.3557802447456
54.05498346261033	655.4450424838308
54.1377041495098	656.4711299952909
54.211223954048435	657.354548454533
54.28483500993529	658.1612866346317
54.374752648706625	659.0723564621129
54.4795486160146	660.3970838147153
54.587530665090725	661.8228677225103
54.68968685344641	663.1314309567601
54.787001674388335	664.2721195538704
54.890060024526925	665.5917425689526
54.98626653832993	666.7658504551641
55.078408768481275	668.0471307841594
55.15994536745513	669.1216959982207
55.235452207089985	669.9665730789814
55.30440638372875	670.8415715049013
55.36506831215607	671.6159908584763
55.4127077939224	672.4203881605889
55.45506005629816	672.7064425422872
55.506776891634836	673.3879691698277
55.57275404761743	674.1955397379394
55.647466831544484	674.9369368818127
55.70896709665576	675.8153912928874
55.76532271866255	676.5375415542541
55.815685813066345	677.0305219694072
55.858964472452165	677.6409483157558
55.892788168605186	678.0428147899054
55.906791799927355	678.3604643497762
55.91551591980709	678.3796806173107
55.933925311367226	678.5633472969566
55.94747288980409	678.7192566396064
55.95884662091039	678.848809843468
55.97629785318824	678.9432830273887
55.99522180373831	679.21114287997
56.02401615226913	679.5676301367886
56.06117384626372	679.9634948706447
56.11335371032085	680.4485701022251
56.17873410064754	681.2643283149749
56.23933049331199	681.9445517096257
56.30620898641231	682.7009581482317
56.38144714228304	683.5587173666945
56.45615049777981	684.5495309459167
56.533622926979376	685.4033390118449
56.61561481146769	686.4360160230957
56.69384778261306	687.4231453050854
56.77063458952341	688.1909704008814
56.84887741152552	689.1316235616318
56.935367478901206	690.0325257584299
57.02686867346451	691.1959410033259
57.098933431497755	691.9995523262653
57.167708166629055	692.8875419786981
57.22182944371725	693.6290029554849
57.27188384066337	694.2590147638283
57.31047148228036	694.7965966022169
57.34476458156708	695.3441675664517
57.37477996530127	695.7932044425918
57.419026695328	696.0424638050582
57.46946520885394	696.6305768465223
57.511695165939905	697.2586703309591
57.54604842013194	697.6052939030036
57.595781722326215	698.2313318271176
57.647928369870336	698.7937265512903
57.71004742799638	699.3068325931192
57.785443992034836	700.2129501560072
57.862670366175706	701.3115072192677
57.94073783023935	702.2809966362187
58.01409417770074	703.224380183719
58.085983667633066	704.2740117132931
58.158239888958164	704.9251181472839
58.23666371468165	705.7594759596744
58.326067898981464	706.8508513741045
58.41437975839636	707.835955628523
58.501850157232525	708.9348931516234
58.588235092688244	709.9120849616962
58.6850830559469	710.8608209874827
58.78010378957245	712.1753639671066
58.88212407477148	713.3573820589415
58.983796104072034	714.4884843293916
59.10208873813766	715.9919206836441
59.219644868315186	717.29968386859
59.345591168530035	718.895912794322
59.478497281788194	720.4985741809758
59.61063084318675	722.2325154953772
59.7468419373913	723.8127506948321
59.888468565160935	725.5524308940264
60.03918208820334	727.2924367607583
60.19134351363972	729.1597173671438
60.348121390082845	731.0043200522867
60.5188217228089	732.9386104592351
60.687252917991565	734.9712399761028
60.85648070173498	737.2507028030692
61.017585593855436	739.3534007412762
61.16347870402801	741.2881554850023
61.31434428150868	742.9338881370307
61.46815718918775	744.8854458563964
61.62707216374936	746.7715497116161
61.79626740062188	748.7182364955214
61.96421005578498	750.889315258746
62.12631876481134	752.7017874454015
62.28220043069018	754.7271194646967
62.430071212831315	756.559384813336
62.57207431562695	758.4011044408059
62.70452102279445	759.9984128012725
62.84159371324926	761.7969469555734
62.96828763249991	763.421539784749
63.08422308319529	764.9967307330302
63.20567871673569	766.4125674500248
63.32305897004742	767.9246866083823
63.44031209780151	769.3543444465108
63.551493094495626	770.8077494694976
63.661470243087955	772.0842972056108
63.773692009998456	773.3717467082054
63.89546120853449	774.7748732699224
64.02038576745844	776.4114467071437
64.1426752492124	777.820783907005
64.27975361017576	779.3930210529534
64.40674218483926	780.973308022427
64.52702731948727	782.5540804553422
64.63941108870814	783.8920697279494
64.74227254271118	785.1472696920471
64.8338924874658	786.2497817097634
64.9339084619692	787.5196085209226
65.04016761161901	788.586705121271
65.14694765450494	789.922115675762
65.25241306517856	791.3072479905971
65.36115087566654	792.6337251284614
65.46826167165646	793.8583660892727
65.5787813963787	795.0749777545614
65.67796597372627	796.1869200885881
65.78437249723483	797.4027712031894
65.89354562780274	798.5534179507796
66.00399689907073	799.9826172598814
66.09928467983843	801.2281501959434
66.1918243897207	802.489899371761
66.27772745677072	803.5559210370153
66.3707166961715	804.5924468221915
66.45650361545286	805.6405617397078
66.55270147523392	806.7983933420708
66.6559691396155	808.0914476342709
66.76659070999709	809.2920086041262
66.86596373285093	810.4882689930834
66.96112848855806	811.7326967207953
67.05464909048696	812.6761580151402
67.1459685950151	813.8243678740646
67.22428771545515	814.7157889979475
67.2996344905349	815.6373394606368
67.35947549861481	816.3213517391175
67.41768505853236	817.2502340824567
67.4574901694118	817.8236606757074
67.48935120996403	818.18497385243
67.51754944131241	818.6341010270331
67.54316491960319	818.8701274390421
67.57903861015821	819.2471180755574
67.6216779366949	819.7226785723965
67.65852028709332	820.0290989915665
67.69449709601453	820.473453285536
67.7335417874705	820.9055813671969
67.76844045457626	821.402717280213
67.80026614178742	821.8296350418979
67.82454839673896	822.1321824289691
67.85394650939699	822.5789190720271
67.88949220232162	822.8865089364723
67.93365038725564	823.2822105414637
67.9783464978632	823.914297850756
68.02082800543764	824.388231710528
68.07159584311695	824.8314382293057
68.12938259906379	825.425379963313
68.19051864499569	826.3057728893666
68.26008220110779	827.0751933742694
68.33504984553807	827.8773162043834
68.40804352338984	828.8194189774057
68.45991499540482	829.7023455429213
68.50808714898412	830.3108737845903
68.54746595343667	830.7800347518229
68.59369219365536	831.2339053992285
68.64437759789087	831.7582688550008
68.69625535063118	832.3462364466732
68.75548323900274	832.9741919729636
68.82915074883455	833.678960866477
68.91752623938382	834.5128282589264
69.00241005424958	835.4842603144008
69.07434085441815	836.2497919085475
69.1519637148086	837.2804670898354
69.2224842174129	838.1433909399876
69.30000670071475	839.0256601622702
69.37683789422424	839.9486275357473
69.45618972083727	840.967565272006
69.54019049367899	841.9118743314514
69.62764379307526	842.8161228034976
69.71311394548731	843.8763720321041
69.79077763832242	845.0878157649496
69.86403793488682	845.9347816704734
69.94020111975604	846.734980182744
70.02228990914084	847.6724334988759
70.09911341208472	848.6608246621535
70.18093335189413	849.5786160698332
70.2701696323338	850.6189410149527
70.36798175102533	851.8450402349662
70.45849685746127	852.9008158853895
70.54664585628962	854.124856141817
70.63848858695239	854.9012744038567
70.74119633907867	856.1865916763425
70.83809929977137	857.303153672523
70.93019390457131	858.5750717797956
71.01954409928481	859.6330773812177
71.10731943650157	860.7213356803176
71.18757031632111	861.5540837085564
71.26713802344601	862.5100895516489
71.33737973716467	863.386115902383
71.40440713007682	863.9930545756009
71.45433228946646	864.7382836596852
71.4960224573411	865.2194611935564
71.53854231797531	865.6942718146726
71.59039637931873	866.1014809529211
71.65604691660698	866.9875594940079
71.71648970045754	867.7778015523897
71.76984894123382	868.6465127521432
71.81563969591281	869.2429813190319
71.85928537881604	869.6821639303563
71.9083198024691	870.2194403963512
71.95292102182911	870.8999086184459
71.9847727846369	871.0980932969131
72.02292077163652	871.5856464777495
72.06920415857395	872.1388762370365
72.11540089536264	872.6583163361
72.16540047125659	873.1419731270537
72.22204960873525	873.7388785152598
72.29153668313955	874.4747695250089
72.37908335494285	875.5108941131055
72.46562512665821	876.714868689934
72.54600484025525	877.6315652487478
72.6301926385365	878.6434306202009
72.72526216782511	879.4594736392796
72.82842179388899	880.7006830029344
72.93104921716616	881.820787880175
73.04593685953735	883.3512575174244
73.1458440399074	884.8484527709448
73.2269996621042	886.0534824701544
73.29695471610458	887.0081345981353
73.34750495854185	887.8429777109412
73.40061293648883	888.4623008150321
73.45288714273345	889.1700998757871
73.50470918561632	889.7081632292372
73.55896973689781	890.3250430578115
73.60485282534269	890.922609223699
73.6526249677216	891.5594326478877
73.703880995652	892.1071456104978
73.75572539438754	892.7932363737401
73.8044848522606	893.5075791104522
73.84288524241492	894.0308597918015
73.8901192988402	894.6774590096956
73.93683985543487	895.2522297922989
73.9865610080311	895.8141582352712
74.03685633117522	896.366677029472
74.08597711757093	897.0688125066938
74.12062528026624	897.4973895304238
74.14506169488952	897.7532079916958
74.17419138780802	898.0331894819864
74.19747734458957	898.2261698340172
74.21798170457399	898.6632695505732
74.22481229940662	898.7876453883338
74.23307950731878	898.9619865164068
74.23323833147113	899.1195530534493
74.21377138740492	898.7947960716202
74.20492347003253	898.5500615644966
74.20391983026822	898.5630916922042
74.20800453501636	898.6052224052373
74.20347891302505	898.4457899485894
74.19066537416755	898.2348342277094
74.17434989775289	898.0786842123366
74.1626722701511	898.0594370003548
74.14502796091332	897.9838593710388
74.1211804639421	897.6553623748592
74.0897990690957	897.3968730048803
74.04275137292682	896.9322202465547
73.99134493348407	896.269814553683
73.94129174487014	895.5437208311866
73.89599685802247	895.1639640838148
73.8562937324439	894.3396323664282
73.8206421296834	893.9007226835948
73.78446295616031	893.5192205490106
73.7483497334972	893.218002404639
73.70949543856602	892.7082665059266
73.6709097355233	892.1225013595766
73.6292819867849	891.706372513903
73.58996129897088	891.1912588383803
73.54531029421109	890.7382016179322
73.50160598895096	890.2805749145705
73.46432902372358	889.7744342867843
73.42165669159047	889.3605790336519
73.37638668720139	888.8835192946264
73.33540335325985	888.3482432156777
73.2971894802974	887.7211928550603
73.26704475673637	887.2549799908713
73.2363959182748	886.8923672782835
73.20148192755926	886.68109384561
73.15769399623716	886.0810455481379
73.11527834090629	885.6068321006123
73.0747457468343	885.0309145448833
73.034727064519	884.3993905752761
72.98887889145469	883.9767065741622
72.93576539922888	883.1561243063834
72.89332232667883	882.6661599732754
72.85198487544668	882.1432326191649
72.81631540767071	881.6119811554125
72.78381530191412	881.1040107033288
72.75737326941638	880.854002851121
72.7265409991756	880.4125986351478
72.69525037557386	880.1037119556912
72.65789423549307	879.6447039912424
72.62072966672525	879.203314082566
72.58795748119856	878.8456013845696
72.56145481568424	878.5027269456328
72.52464801873585	878.172165750461
72.49070632920753	877.6935447236815
72.46223369385572	877.3420562132146
72.43959113804416	877.0156776128772
72.42565654449656	876.8402886115136
72.4226474322367	876.7669176670264
72.43084657053541	876.8746644438055
72.43099772017412	876.9454084560274
72.4305905241843	876.9941845571732
72.42132308143296	877.1468651092802
72.41065557418017	876.7996456497133
72.40675717006857	876.7456813429823
72.39789559777371	876.7519974890813
72.37447174467817	876.4915532729713
72.34522204193422	876.1905265538405
72.32202637009415	876.0226957435116
72.28162085412536	875.7959982312026
72.22537083933763	875.2419498696203
72.16717052690794	874.7834846701573
72.11247221359925	874.0980357446934
72.05580936476143	873.5378926714181
72.00502376236544	872.8551292340087
71.94902661143838	872.3471628805804
71.89515253474482	871.7308664778783
71.8476478251195	871.028698715663
71.80447387195419	870.5865339939162
71.76579830056393	870.0657121656609
71.72488953507873	869.724531014469
71.67856062199218	869.2877512900403
71.64383042083489	868.8146548168584
71.61232564688082	868.4249118662484
71.58586761954018	868.052344588667
71.5649501562154	867.7764148712158
71.55067268288069	867.5664019586587
71.54397438517982	867.5215301885625
71.54032436618881	867.5428047504262
71.53239289332318	867.4682153738277
71.52267083788828	867.3718715208703
71.51381258843801	867.2276304609711
71.50754013462624	866.9982945164677
71.50554379415843	866.937514045761
71.51000454675585	866.9405450859142
71.51473331373005	867.1648265741138
71.51958917388782	867.0129476507108
71.53714504438452	867.1604155695385
71.55159898563288	867.4588010857265
71.55744443860509	867.3919266425644
71.56206682987657	867.5709573621805
71.55679150046029	867.788986376992
71.53533395025691	867.6079197603772
71.4981294130576	867.2934563090698
71.45364776930553	866.6740299783575
71.40674719322168	866.1694944492956
71.35287695823565	865.666518598225
71.29723533458255	865.2134568085874
71.2428683009139	864.5743894083488
71.192891021908	863.902594831296
71.14232308309535	863.3525359568658
71.08740981472	862.6924355083846
71.03565512742708	861.9423519216839
70.98106994799154	861.3148569074469
70.92748930947903	860.6568157303359
70.8750430481543	859.9841921710188
70.82115884445633	859.365053176094
70.77104524560353	858.8198520476438
70.71910501721509	858.0545954694791
70.67070401804712	857.4877852997176
70.6217142615325	857.0404875540545
70.56863561617332	856.4025454749064
70.51959471990693	856.0242214083016
70.47024660484323	855.1367792539183
70.4330216926765	854.6772959015834
70.40742377171098	854.233123961906
70.38591793211705	853.9226880881591
70.36407243582134	853.6361306148062
70.35331228858222	853.2891579021599
70.33666154068	853.2745713483978
70.3105472806901	852.8529877361111
70.28500685951222	852.632911355735
70.26445131500861	852.3344684737455
70.24359956127921	851.9910090106554
70.22753407746062	851.830282630558
70.2222801663533	851.7315354789044
70.22365995910772	851.6995036690524
70.2305596371238	851.8586687435348
70.22993522698646	851.9264699249331
70.22633433673715	851.7927152127974
70.22852373604042	851.8945330518061
70.22767476250753	851.8630896913262
70.2264714702994	851.8136404909617
70.21931663007223	851.815649302778
70.21299563120537	851.5532351407863
70.2101043374425	851.5794538820749
70.19935591605164	851.37334542231
70.18264207408326	851.1634275017556
70.16601939937107	850.9956177220348
70.14414388685951	850.8049797582131
70.11359564536991	850.331753870053
70.08910629646009	850.1092647261694
70.06420453733104	849.7999999728424
70.04152582695734	849.64000619161
70.02249907271182	849.3204550645565
70.00806701313005	849.2331034209035
69.9846210142211	848.9684984911844
69.95992766187034	848.5128326281618
69.9330361567868	848.1524964916208
69.91451573234542	847.961242587073
69.90228589338368	847.9406242109686
69.87752139941826	847.6329820557964
69.84806006457893	847.1876562542961
69.81847185916011	846.8216347859413
69.7905009253405	846.3678953700792
69.76304494931787	846.0144968186919
69.74783750280605	845.7427532857465
69.7327746304594	845.513062516727
69.72043594291532	845.3298554745857
69.69976347844943	845.2591759131249
69.67178968365344	844.9796060025269
69.64127410916144	844.5891690143469
69.616059828192	844.2098748537003
69.59699959227412	843.9850853288278
69.58309862104507	843.7830332454271
69.57385072797393	843.6905062418775
69.57305270009222	843.448745525533
69.57950154805704	843.454044584622
69.58395360625676	843.4484714213008
69.58595275587689	843.5585677391036
69.59656931047897	843.6277829779395
69.59793770862112	843.7301010507072
69.59292537602313	843.7549463445457
69.58891738651776	843.6073925967444
69.5903796840802	843.4737000359919
69.59903505543252	843.5457722976538
69.61996336439809	843.6746576474553
69.62903574173	843.9489064593755
69.63538408245005	843.9930699134627
69.64690449722822	844.1130802838504
69.656246424014	844.1018684574815
69.67358000979398	844.3055363078945
69.68253040793415	844.4207125922372
69.68702872835719	844.4688496402589
69.68940389112116	844.5696922515626
69.6893050089317	844.6927161275521
69.68702231245378	844.6063226951841
69.69588601876289	844.7725234361312
69.6954041595227	844.8775320936429
69.68947391339377	844.838153122723
69.68235762503119	844.6671778923383
69.68739138295521	844.6826468024025
69.69937194205912	844.8213741958375
69.70438731939264	844.9796110294819
69.70931960001063	844.6954243289287
69.71836248759635	844.9024483174943
69.7180223041571	844.9438079886289
69.71351123162002	844.7144625198611
69.71706368613671	844.8159396279292
69.72049372880869	844.6702925240177
69.72619128455078	844.7719231439053
69.73659978675742	844.9693106254825
69.73877982095546	845.0411146665016
69.74084770388544	845.1501749103959
69.74262868152663	845.1139329906819
69.73857344866366	845.1872749047365
69.72965452233744	845.2015000013943
69.71227538559683	845.0615543220333
69.68384140833794	844.8131473236713
69.64782713984575	844.4726286941664
69.61048407448025	843.9876202315991
69.58348663511248	843.5897351217474
69.56362659581436	843.2657636069309
69.55275276927385	842.859442481197
69.55861934549525	842.784058321386
69.56502329038372	842.7663740153786
69.58124751200495	842.753261275134
69.59825425253375	843.1569033430803
69.59448202052221	843.2959315734465
69.58112837994562	843.0009224762526
69.5765554139114	842.9648620075857
69.57116907086157	842.804780353819
69.57215006920339	842.6713342600685
69.5770230629747	842.6991799019664
69.5875975997759	842.8340701930642
69.60564895236078	842.9962973140375
69.61912064381919	843.2800279394366
69.63435324084287	843.4081330557801
69.65835295932641	843.591993493692
69.69204259156831	843.9059154916763
69.72264211345968	844.4095217025157
69.7400113670617	844.7023803396986
69.76073787302225	844.9097677834652
69.78634423633424	845.1133048743972
69.8168633245125	845.5275488630972
69.85339270630301	845.9641908534421
69.89025969900872	846.4175137112011
69.92405753821821	846.9091921278372
69.95676102206974	847.3120664457903
69.99312119296316	847.7718107959328
70.02798950912717	848.0876821649875
70.06786743812151	848.6529215559547
70.10043934478198	849.0164728469321
70.13485808175149	849.4526920420504
70.16839995296816	849.9285596587307
70.2078416928139	850.4004588971159
70.24771282711612	850.8775612587821
70.27761173297681	851.3092535345421
70.30829587602527	851.649942227366
70.34801653682591	851.9996698601554
70.3831712066829	852.4824288006672
70.41800887392543	852.9111293285614
70.45498301433435	853.2527969513112
70.49991382283258	853.853924830862
70.54239901560159	854.3627115844536
70.58438551072223	854.815300672818
70.61733370929355	855.3214359493999
70.65255559367866	855.70464015248
70.68742728163214	856.1964182788222
70.72476734944217	856.605288900776
70.76244907918056	857.0308456740393
70.80099665531732	857.6422717249469
70.83588027206746	858.2594280603574
70.85706807571562	858.6604790931877
70.87579938261592	858.843787901886
70.90050272701431	859.0995041246838
70.93028133920087	859.5794459127685
70.96787409534048	859.9788366154143
71.00835673111258	860.4633151509692
71.05034075006255	861.0035190106145
71.09417440078192	861.6161759191165
71.13665982563239	862.137421803234
71.17819409281883	862.6471386475496
71.21237174090244	863.1677543889901
71.24423139497272	863.5726941631918
71.28192489711836	863.8483172290903
71.31994286890139	864.3029250278511
71.35720550209467	864.7358882198122
71.39277089680404	865.1607820539309
71.4195786894603	865.5419854989563
71.44304879937417	865.8327708728373
71.46161157507032	865.9517949940579
71.48556373534109	866.2110456472798
71.50632338996547	866.5562818963854
71.5285310156637	866.8442323424506
71.54961044148007	867.2430834954295
71.57434034761047	867.5366210745804
71.599579330887	867.8861413086099
71.62504224792207	868.1014267137967
71.65445692660623	868.5015410133589
71.67742714801342	868.7737633612622
71.70208649630447	869.0415977025066
71.7289077561393	869.3978011266688
71.75567172799339	869.6538940855941
71.7938315301162	870.0357270950138
71.83026260632612	870.645006849153
71.8647687700973	871.0818968388901
71.89166276011608	871.4513403434404
71.91918025825552	871.679384898648
71.9422156672243	872.0392628743698
71.960215567564	872.2264368231849
71.98051378431408	872.4910761690347
72.00076074185	872.8542151822201
72.01488446383728	873.2050023496313
72.03120807860917	873.2850687982694
72.04479868793739	873.4187709112434
72.05765908583562	873.6921009550181
72.07215760666115	873.7502424801625
72.08768912487137	873.9322529170829
72.09876749052955	874.1220379900708
72.11631134553961	874.2543582198564
72.13520018596046	874.5758110178914
72.15709666574816	874.8719817362021
72.18680755660533	875.2875494487854
72.21274510793593	875.571017695226
72.23325590655085	875.936627052293
72.2527196337918	876.3017986756938
72.26150177768291	876.500361769324
72.25800424717009	876.5868242205398
72.25545206817513	876.6599812740383
72.2540039484722	876.5003832226365
72.25394163770764	876.5421599367784
72.2559624603791	876.5231785264069
72.2620151407351	876.5777119068428
72.26848693805748	876.6250881409887
72.28316458285451	876.7842965029105
72.29813753402958	876.9716102915613
72.31606142610767	877.243705202181
72.32529338126314	877.4347999003395
72.32792210775716	877.5212282216003
72.31926331335104	877.4094963653181
72.31736348142404	877.3186897161605
72.32176862245963	877.267853301447
72.3281300162146	877.2043127636819
72.34088429749019	877.4500790741575
72.34792503939791	877.577718883579
72.35651228034529	877.6022952864824
72.36566630570249	877.7555376143672
72.37357320409261	877.711178289401
72.3844586621397	877.8246502704517
72.40181226407547	878.0773191794547
72.42730860653297	878.3072758967095
72.45575635429381	878.6701885418065
72.48160375813436	879.074375787054
72.4987111729073	879.2026588752245
72.51719440020217	879.5780994503814
72.53020210517086	879.7657841496157
72.54404038826611	879.9877535582847
72.55200816438786	880.1263470241182
72.56332601380075	880.3055382008916
72.57094421950406	880.4761137075211
72.5768025848908	880.5042932268522
72.59104640564182	880.5979934523259
72.61108896010263	880.7742021118821
72.63535051320514	881.0257966895197
72.65073256723264	881.1938636588669
72.66995430737418	881.2879029328865
72.68900698942834	881.4041539893053
72.71940239852583	881.6460049740717
72.74566488436626	882.1027749745846
72.77228667951694	882.2989404443921
72.80322367104073	882.7280429788228
72.83224768763861	883.1339291938045
72.85429587445809	883.370986821751
72.88642849720738	883.6942643207622
72.92421147468654	884.1341712058936
72.95937571428668	884.6264814621316
72.99448434904635	885.0459791191191
73.03437307918482	885.5114189942107
73.07511540835581	885.8550608802531
73.11864416605884	886.5088102165282
73.15932423912591	887.1640846704281
73.19615926263673	887.676596365532
73.24178293403259	888.2476150896053
73.29780320302817	888.8245481096479
73.34607499455883	889.5118008292061
73.38805292828815	890.1107168975844
73.42354688544121	890.5708879693369
73.45149682831288	891.0476968851185
73.47040208811472	891.2945743109226
73.48244513050786	891.4822060539055
73.49422539320663	891.4265938632293
73.502798787226	891.5601698254212
73.50368447693579	891.7443046931897
73.48947384110271	891.6492425693439
73.47375651052532	891.3682014797931
73.46374673321812	891.1924411814728
73.45965767583262	891.112488132153
73.45848560755819	891.0202142008055
73.45569351062066	891.0873444510646
73.44455603205282	890.9219596503256
73.44481783617343	890.8115238877909
73.44998684916922	890.8678895517452
73.45562060297505	890.8942142814009
73.46787320021252	890.9889762742733
73.48361639064511	891.1736526356003
73.49468286964384	891.3728776318973
73.50102518391269	891.5147452716578
73.50606888576583	891.593329458298
73.51378161071634	891.4908427451822
73.52479007359736	891.5589080633649
73.53183835253009	891.6855865827332
73.53375935120245	891.6908753644379
73.54121017315654	891.6568224937131
73.55336916058793	891.7863568877001
73.56831847958456	891.9261185579167
73.57882462292602	892.1537164078411
73.57612989022877	892.3864038822664
73.5642206104399	892.2946821235414
73.55504928059973	892.1064240888933
73.54454601955628	891.8785971018935
73.53565456709373	891.6822594521802
73.531385458509	891.6008851445978
73.53315028165349	891.4635342328642
73.53468612265266	891.4057849676368
73.54323911640937	891.5504613061789
73.55160984935968	891.5756802600141
73.546692339104	891.6741688820024
73.5321448421105	891.5971708617186
73.51069030011625	891.3894729273838
73.48965709008516	891.1517278520975
73.46641956247807	890.8638677155319
73.44034947986414	890.5766657699934
73.41283342694665	890.2369119250312
73.38633444603244	890.0608649686063
73.35299705585466	889.6503761512759
73.31981643237559	889.172092454989
73.28379981146603	888.7176130341345
73.24016962584261	888.2172040556547
73.2064801702437	887.6867966788695
73.17070328732851	887.3510363837655
73.13876860858237	886.8768566308532
73.10475125059826	886.4468373364358
73.0644253164843	885.9518845819916
73.03043306613303	885.4646989712559
72.9932108232962	884.9730095117534
72.95155265112857	884.5998349798663
72.9086626858651	884.1311489431187
72.86717508750893	883.6449805753944
72.83157310339287	883.1271689371787
72.79293304876667	882.5727335405892
72.75671109863887	882.0934728907816
72.73054391097779	881.679215091658
72.70597979209757	881.295987143538
72.68457722152466	881.0763591751928
72.66232113112561	880.8349494849431
72.6335879784617	880.6398707495522
72.5988219711898	880.2238766713305
72.56613786515366	879.7537982265336
72.54134762674965	879.3343215790013
72.52697778869603	879.0301041950606
72.5162546826639	878.9849052421356
72.5079995632769	878.8679122534835
72.49390450778267	878.6914383228328
72.47673030531062	878.5565322135723
72.45848395175184	878.3184302393014
72.44153129849317	878.107289542307
72.42106744078332	877.9210357179551
72.40231693845165	877.6992919853344
72.37855486362469	877.4841103713845
72.3495146490118	877.1599600704586
72.31730978016931	876.8757880884255
72.28140638130054	876.4234713434499
72.24314462625884	876.0320079183778
72.20207419797023	875.4835211289228
72.1601338960778	874.958058834398
72.11919709297231	874.4559406069164
72.07794048986588	874.1390674943187
72.03604389188443	873.5362143725538
71.99984613618665	872.9694243198705
71.9703977181048	872.484781844265
71.94291540219812	872.1792183377952
71.91551264716905	871.86350648857
71.88304888826167	871.4643100635577
71.85720179579353	871.101201100018
71.82386809207624	870.823819460772
71.78199183523	870.4646414869948
71.74423335396605	870.0890593057272
71.7057394219086	869.7043830193626
71.66686475756991	869.2929454431613
71.62671564822516	868.8549444565434
71.58577494303042	868.451071867062
71.54484769390582	867.959567505849
71.50622123266828	867.3210323802253
71.48015573514515	866.8898680543368
71.45881051795682	866.64707204291
71.43298440592734	866.5242946985901
71.39973310343333	866.1041855024538
71.36297290177504	865.4784306837942
71.32781987690659	865.1006817713816
71.29172932917457	864.5921178571048
71.25486628901409	864.1718705293183
71.22422450335839	863.7728938414415
71.20351567428594	863.4187473103138
71.18493307428535	863.198600286895
71.16854831114532	863.0374761429989
71.1529223624679	862.7668663350911
71.1305839442502	862.5119707858919
71.11100644165418	862.2474711646961
71.08777069737019	861.9279135519482
71.05595717820893	861.6870396185217
71.02638819149546	861.3335782474727
70.99769167687239	860.9585215358327
70.97638074435443	860.7159263384002
70.95382404057628	860.4581952446674
70.92946764490345	860.178609945302
70.91063226258791	859.9659508622976
70.89764936473006	859.7495207868844
70.89054726581386	859.6364965818647
70.88108483054532	859.558835484539
70.87195661264781	859.3786769068307
70.866256332765	859.24019565365
70.86261165539214	859.1799000127812
70.856284640105	859.203985864564
70.8430638892034	859.0275354790176
70.834207750199	858.9358656897259
70.82257415135011	858.8953245023309
70.806565054066	858.7591891688544
70.78735054603231	858.6158560217365
70.75896390296691	858.318792905751
70.72911436378577	857.9299019687732
70.69907592046901	857.5493345095653
70.66909997484156	857.10628389749
70.6343103746158	856.7103637599062
70.59492923028876	856.2902649620922
70.55799028307604	855.7420017629851
70.52301336404214	855.3332409523131
70.48734304150837	854.9160365950262
70.45236074810153	854.4547705187807
70.42374399477414	853.9766361856476
70.3999625222902	853.6723654038676
70.37151296653437	853.3219599764767
70.3432026716188	853.0566909137589
70.31596463165194	852.7000745446738
70.28764452558713	852.4865464057488
70.25563933431631	852.1864790210565
70.22765845347176	851.7687723027834
70.19846407117392	851.4299376728688
70.17516597149657	851.1522177706314
70.15370858897955	850.9486281492705
70.12870572140632	850.7019343921972
70.1009112163405	850.3281716707276
70.07072834529305	849.9461797091435
70.04303649209686	849.3261551146462
70.02628641694265	849.0352585772229
70.00749872688893	848.7918847165502
69.99361700526569	848.6903190561461
69.97039585054638	848.5679406609071
69.94088480622979	848.1224742360074
69.9105108090137	847.6667412552099
69.88122888362793	847.449895116058
69.84733477852919	847.0130217438277
69.81078730183128	846.5747111911207
69.77669448738352	846.1048634340718
69.74859491861764	845.7384251682371
69.72192795818566	845.4913567046153
69.70037640307851	845.1941326231188
69.67401075917086	844.8894807936251
69.64942057553252	844.5250028623683
69.63070006060939	844.3638575776293
69.60511764020075	844.0179092062162
69.57624214028343	843.6625122315618
69.5482163015699	843.2060514756778
69.51855141918544	842.7603195555482
69.48671104416547	842.3187077729177
69.45410021280814	841.8880567401989
69.42185735932352	841.5022516179345
69.39049588772846	841.0969198507155
69.35266175620376	840.6433517577424
69.31817833990314	840.1902129695771
69.29361343600306	839.817239349079
69.27131377382476	839.5720940654552
69.24078643936276	839.2572234088907
69.2026914164256	838.9705808291855
69.16603689408237	838.5111220923135
69.13017048484394	838.1710908660673
69.09151347018224	837.7671011203025
69.05488227198813	837.3277401916131
69.01766929295579	836.891268804682
68.98297274144208	836.3460816606231
68.94507392837315	835.9510353698013
68.91646188263869	835.5097274762159
68.89352333085081	835.236493431626
68.87037766117172	835.0201496675945
68.8400875214623	834.8259128986724
68.80540264313021	834.4099962734214
68.7699195310067	834.0337665313485
68.7354980619217	833.5815108787598
68.69828912235394	833.2827716381878
68.66043244275684	832.9069460872196
68.62621142489985	832.4963504402203
68.589499418071	832.0653534354522
68.55137775104994	831.6859395208043
68.51749329516568	831.1812457053101
68.48291015442419	830.8054061401231
68.44732349410849	830.4760163265529
68.41442249903523	830.081241560582
68.3870751012008	829.6854787230026
68.35585177665851	829.3501337780573
68.32703028229574	828.9756204513593
68.29737300233606	828.6104893853416
68.26102991118378	828.2128811136117
68.22461078339741	827.8142583747225
68.18766113618256	827.5158875953726
68.15136065653614	827.0893176769325
68.1156528457145	826.621473785326
68.0848168620328	826.087061571602
68.05960821967342	825.8048871502433
68.0449591652265	825.5445827585089
68.03336615459293	825.4662076955201
68.0172785520405	825.2946423828356
68.00127798925617	825.0855605074474
67.98783739874855	824.8016955676428
67.97814036437524	824.765393231217
67.9781643756261	824.7700363042694
67.97211401917713	824.7874413125002
67.95660120480981	824.6130981686929
67.93870866374188	824.4674199278663
67.91064716819207	824.255743609326
67.87475637520795	823.8817525554357
67.83959858114011	823.5165327676186
67.80405749640833	823.0987328118869
67.77590452659769	822.6750963782613
67.7516144000464	822.3748295753198
67.72977624753752	822.075743742948
67.71504579631733	821.805861632265
67.70377500284583	821.6351980113269
67.70552487580105	821.61308953925
67.70698375103017	821.6350056452261
67.71127729173399	821.8242900463131
67.71026372238579	821.74017034724
67.7099563318064	821.7406063000781
67.7110890028029	821.6731861900768
67.71657185670021	821.7628770302463
67.72175136124453	821.7730986691437
67.73220036749132	821.8662479215677
67.74826322046391	821.9613199083642
67.77386806798889	822.2006054022619
67.8004682451521	822.6032807479131
67.82788607621542	822.9402173357413
67.85560667810682	823.3280970117106
67.88422422970146	823.7173961323899
67.91905243187644	823.9646496573596
67.95720528359216	824.5830542370775
67.99226791927929	825.0316443191641
68.02530588786858	825.5218420711334
68.05439446110587	825.869568786387
68.07575114435927	826.3125250441157
68.09371853946652	826.5157854366264
68.11264347216103	826.759024917986
68.12738387335075	826.9231255544471
68.13837595890193	827.0700671200078
68.15236664793183	827.121268165232
68.17154427403106	827.3109833191993
68.19449008924614	827.5558841033454
68.21888682609345	827.8278364434107
68.25108194647542	828.2415612459346
68.27898126848399	828.6597105486195
68.30473197620134	828.9009630857303
68.32796374097116	829.1305292976059
68.3451984447808	829.5039929335958
68.36041836606874	829.6457316965495
68.37459859366464	829.8407820577676
68.38790569264522	830.0063977909613
68.40722694802635	830.235594777171
68.43317629553452	830.5452371940438
68.46137328780218	830.853946200383
68.4858767088508	831.0896399819761
68.51530763606742	831.4509537978143
68.53878719575994	831.777638454567
68.56126853426773	832.0827968762504
68.58307795517442	832.3703922190302
68.60628163105744	832.5246213181944
68.63568781213571	832.9325842822202
68.65419513033765	833.245826534708
68.66606178675332	833.3751723868178
68.67761286563507	833.500700037912
68.68661318327716	833.6421742656966
68.69750618624857	833.7315963242438
68.70837161489993	833.9519144045795
68.71881050809905	834.0733082632155
68.7248731344482	834.1977774946413
68.72977607024195	834.2987662829782
68.73161748275226	834.2876997593354
68.73421138723204	834.2951552494432
68.7376510224218	834.3315931571829
68.73765231795154	834.4010327684398
68.73782806602829	834.3418059976292
68.74576617140387	834.3208914065208
68.75827140158638	834.3462098366718
68.78028751866027	834.6268403310327
68.79323817314395	834.8254106652113
68.80269623741063	834.9163669563968
68.81566315469101	835.0592329081345
68.82222508403218	835.1523062613039
68.83466841249992	835.1958163729043
68.85379133181058	835.357652651725
68.87372160564007	835.566504216595
68.89842893076273	835.7590091995284
68.92416390329711	836.2148164260076
68.9426474181248	836.4990179755143
68.96154097441168	836.6952997442634
68.98130657748199	836.9764513254494
68.99767239409059	837.1606411130404
69.01543568921947	837.2690237022043
69.03670215856656	837.586911671022
69.05635684275916	837.7832195707076
69.08090596105252	838.0760080277882
69.1053864335552	838.4050398757826
69.12782145764466	838.6907101604178
69.14969392892488	838.9324898135227
69.17115843938787	839.2063813459371
69.19524017711313	839.5490666504512
69.2193768210283	839.8553609827518
69.24327750388959	840.1402701206173
69.26647932492833	840.5370524799542
69.2884993159083	840.808375582697
69.31220017130423	841.2111719317154
69.3422512448987	841.4318551808817
69.38555650506832	841.9244524468472
69.43355653993903	842.5017746538726
69.4785752581812	843.0058995159276
69.51504507023785	843.4988460523191
69.54038866907217	843.9215744742087
69.55355484186059	844.1131964009118
69.55983547321667	844.2767384794613
69.56788934263955	844.3600088635104
69.581944457749	844.4514252280329
69.60528819001823	844.6833450133281
69.63198248709004	844.8820594262526
69.6557288690773	845.2666872271934
69.6780494505958	845.5139456958884
69.69896589010625	845.8641911139266
69.72079186334398	846.0592879654778
69.74747094361626	846.3686781504349
69.77464200725696	846.6471407135018
69.81078277277142	847.0898040282766
69.84520919190739	847.5670176100175
69.87811043065918	847.9703683145541
69.90716885824251	848.3732105858277
69.94414694788476	848.7891328582858
69.98314771844449	849.3034025366838
70.01962699367682	849.6394777754836
70.06376209284389	850.197594821131
70.11243121718452	850.7553815557803
70.16376350317388	851.3823819506301
70.21341092210334	851.8782063555783
70.26952919742905	852.4063891352355
70.33481548577181	853.1472372679145
70.40417583825119	853.8543927427122
70.47442937663962	854.683084695163
70.54739078949765	855.4984111339235
70.62529691212585	856.373636917786
70.69916530057239	857.2645472193027
70.77074852018971	858.1924922648253
70.84144153133111	859.0449197648609
70.91731746677362	859.8953803915899
70.99626233184811	860.8848803909591
71.07276168838406	861.7242730242582
71.14989453073392	862.654710918842
71.22531993824302	863.6201085312244
71.3019979929736	864.489355595067
71.38037857326054	865.5649473734419
71.45403127228342	866.4346454186976
71.52711794866066	867.4183525939013
71.604097638624	868.3656294881052
71.67677539725894	869.2421283680246
71.7458804409094	870.1405025870292
71.8064141460023	870.8976970869771
71.867487407333	871.6241614488335
71.92894089178735	872.3365792541289
71.99534152666271	873.0436868502364
72.06367200193209	873.9700667307042
72.13067096049875	874.8057041540319
72.19761995921218	875.5286841089558
72.26493672082988	876.3121137312012
72.3293023203314	877.162527976468
72.38626982363775	877.9139277598565
72.4389637908982	878.6135335648951
72.49376686797456	879.2826206175739
72.54856500256301	879.8674411906115
72.60979033631347	880.5582530825595
72.67992425442243	881.3196282263368
72.7519076647363	882.215728132783
72.8214742223963	883.054436078596
72.89222544172894	883.9449971882335
72.96222510589895	884.7327041735938
73.03999259663	885.6520730863763
73.1183998596069	886.6918138186501
73.19728561350661	887.681107671206
73.26204223424995	888.5554763737292
73.31454662232875	889.2719090365264
73.36506901141806	889.9455328667182
73.41659376843941	890.6125290047712
73.47029437276548	891.1742101840503
73.52713184474491	891.8397810492694
73.58800201024266	892.563666302064
73.65045704213232	893.3538441494225
73.71601467994437	894.1628404293822
73.77529541883959	894.8957083961435
73.83585337192449	895.5686762296712
73.89427161534198	896.2156644870333
73.9533207525691	896.973987510934
74.01374744343154	897.5981473522882
74.07341294369026	898.3073493230949
74.1303402474284	898.9739032606532
74.19231844776479	899.7111333692186
74.25023812167599	900.4557749259975
74.31079396584147	901.1851980925261
74.37605209715915	902.0188759044821
74.44119419998837	902.7661283019823
74.50011550758346	903.579705113176
74.55064263442927	904.2726223049752
74.60523444286117	904.8540794044417
74.66173652157121	905.5532745643955
74.71649310092083	906.2880842229675
74.7692034119145	906.9886460930965
74.8232869936933	907.5449379961427
74.88133040636325	908.2817919629503
74.93907603889052	908.9392767260177
75.00725590992069	909.6001481986948
75.0833888698199	910.5563504825745
75.15678910230149	911.3372379925205
75.23169638286812	912.2880499506041
75.3037485960844	913.242243539119
75.37054719927164	913.9714071569634
75.43191807441525	914.8056256277004
75.48688824264681	915.4862823760237
75.5414836398735	916.1624003667476
75.58935356635368	916.8234833287415
75.63564767786507	917.427458567344
75.67488172124891	918.0313791809076
75.71130626547043	918.5346752832119
75.74576077125677	918.9475038329234
75.78484276599191	919.292870363553
75.8227800896824	919.7669689596258
75.8574930524965	920.2304747442371
75.89384231202466	920.704323132915
75.92722155063112	921.0375682207679
75.96444618815053	921.5410430878296
75.99855578595049	921.8831586277049
76.03429112192534	922.4255939442168
76.06419094913761	922.7261445402352
76.097110814089	923.0348469684815
76.13316663088543	923.3721166285206
76.17279378370395	923.8951986726186
76.2142959175056	924.2320548434412
76.2602567216302	924.7654521382788
76.30709610045125	925.3569901015939
76.35709549806887	925.9393563178746
76.40613960153762	926.595642688516
76.45504836905019	927.1742825944893
76.5052521137437	927.8256510659642
76.55903090702054	928.3112665557026
76.61498525746454	929.0418584134685
76.67287330657246	929.7769087535576
76.73097918814493	930.543159454755
76.79002286847098	931.2827551877239
76.84815117945375	931.9922244362656
76.91352670449292	932.7324574031674
76.97836528824044	933.5709182125992
77.04210576584785	934.3198704491042
77.10658604204222	935.0968420072254
77.16963369170904	935.8659706418853
77.23660291179318	936.5777562931075
77.30336598467058	937.3442171420387
77.36884390406887	938.1141501776997
77.43766420540905	938.9055059446516
77.50779333929137	939.7699852754034
77.5803078922801	940.6538474031378
77.65838902404828	941.5000916200196
77.73786824056609	942.535278216835
77.81893201419126	943.4462650019914
77.90821376564422	944.428100480882
77.99657046304041	945.5230840670486
78.07994885864161	946.5864934219319
78.15477357821356	947.5750278371537
78.22967449751518	948.4398643530689
78.30527522973549	949.3131492726255
78.38172160752609	950.1870503651567
