6.313403837363482	53.35270848476171
6.832000469330836	64.05000439997673
7.331730946507802	61.09775788756492
8.568535856833842	66.33705179484339
8.622007650839112	68.24808166891205
8.825729167434416	67.7454690890489
8.901465863157043	68.09864594764882
8.909153289127955	67.87926315525769
8.705036491310171	65.65250985066058
8.943075315346434	66.57376165269983
8.977463657698621	66.95057643029133
9.114291171581025	67.09907610979643
9.014524119784806	66.77425273914369
8.855709660964925	66.29943061684658
8.779637116944071	66.23364128457102
8.62538219998282	65.04608728973676
8.419900607237668	64.57367382994188
8.32978709359804	63.84790675007164
8.345232986370942	64.41141235248168
8.50582554216126	65.17873978666309
8.475543583726305	65.67764400671892
8.414775749944196	64.76678711325799
8.409147731774016	64.83030094885835
8.384698878099115	64.73976613651392
8.349696392165034	64.626133066282
8.41716382745742	64.74741405735428
8.43555255277854	64.64330716886317
8.385129855321926	64.64900485056565
8.433772463507294	65.01889271820917
8.42029367716884	64.74382152457216
8.41099642352185	64.83403791026689
8.439533270788269	65.25937929886769
8.41311515262119	65.17201878788775
8.35559231189855	64.93488882387678
8.415254413739236	65.09036563111823
8.361250230081733	65.1291038477172
8.317729499848499	64.8817972229795
8.327313647050678	64.9103422744483
8.41507569261018	65.63759040236225
8.422093670866335	65.6693463615318
8.409523577398963	65.54951837898028
8.420299644627061	65.73468124058647
8.604750740371934	66.86824370530177
8.72725820170718	67.84441004859808
8.715795339329022	67.93489438853082
8.808280310233616	68.25057174688742
8.876947940258757	68.90446790950278
8.873705201052998	68.58902570860029
9.04229024122821	69.64719232172554
9.01081104988835	69.5457503206957
9.020675408601948	69.49462928074672
9.03166430147509	69.78403323574555
9.014121015187987	69.81223776982621
8.995960585879008	69.67944608710683
9.213379599060751	71.30429802273399
9.443037055668905	72.90580079742871
9.533848749565928	73.33729807355492
9.576860213432846	73.73334854586396
9.601838843001994	73.82821351915054
9.569564638793578	73.67500577340901
9.531767262591144	73.36754612212239
9.499017505214455	72.97882098181097
9.455387813858861	72.79300598042074
9.413235006860875	72.64232802722854
9.383880755336165	72.3692603239387
9.419790047597692	72.47400153195983
9.399375652917808	72.42762147737619
9.364298617380653	72.34678727310222
9.339124582477274	72.08049174397351
9.345494067446266	72.05998730178281
9.364134972165937	72.17516732664237
9.361992157908253	72.06665381713267
9.37475869059817	72.16422331252762
9.331515814781095	71.98042080895696
9.326793678609329	71.9166750406886
9.344811664294012	72.12650844478475
9.320308415217717	71.86219105193608
9.40630254774437	72.34428253647432
9.54635183449536	73.40964908421155
9.592666794953368	73.76610159528768
9.581706954628386	73.69377401406054
9.617899775958518	73.79923096960567
9.618044366209277	73.83669021692576
9.603389813063098	73.64742035580186
9.601022664298068	73.66513553166705
9.593675595978883	73.68765417570495
9.57502142950506	73.61062129897468
9.568266061984733	73.54847111263673
9.546135676234051	73.53774453415839
9.544983693581159	73.4752843126644
9.521810933818301	73.26534343102219
9.487581071188714	73.0017389363986
9.455722304287892	72.9273399556886
9.434410453705144	72.80075928158645
9.44999596517191	72.92848226578133
9.451449600359723	72.86889264902634
9.427298565735462	72.59443986848426
9.412921553977831	72.43551725876564
9.432487327389671	72.5951991768954
9.425950226254963	72.46086016343925
9.412796117998228	72.32350003183893
9.400173193594544	72.20012543277524
9.38619229828028	71.9417938774711
9.39535193143827	71.9526215662771
9.375114022519567	71.77447848083008
9.339376094339382	71.64206001687332
9.33034209878746	71.55751555873607
9.302383568568608	71.31974151007694
9.31525843474145	71.4038797037469
9.296912822216175	71.21590601979386
9.291354989053934	71.135100847408
9.284745253089362	71.04701446233292
9.275447739635364	71.01923848088349
9.246243216647853	70.86196482013922
9.235570102994325	70.85327297169447
9.240059970797512	70.81909194674974
9.240904584903939	70.85097224348338
9.212894118690192	70.76078364117902
9.191112625606783	70.54885416787893
9.168704386487645	70.41564968833288
9.145771708767498	70.28506679980732
9.191101823920672	70.4343230226319
9.182073340396265	70.37459887032915
9.226029257619535	70.64079209308609
9.23304075669527	70.70431455520067
9.21197351021011	70.67436547326659
9.20531323300713	70.6460739608101
9.209240765530895	70.64219844131127
9.220937145987302	70.76150457079085
9.208443150294103	70.6669190992161
9.199213634660472	70.5904707298269
9.205219053297073	70.54899835714016
9.21224514221027	70.53028517216373
9.26220776088806	70.81414073568507
9.271491840620806	70.83482730534251
9.274820689529706	70.87707138666613
9.277758672425737	70.8436379818212
9.28942308214269	70.91685701664053
9.30456651403608	70.97135972851305
9.349347846766609	71.18147549435913
9.341881657215403	71.15541444142889
9.323892533572984	71.08049784009808
9.338732136415643	71.12855901510727
9.330469509013554	71.05796082675484
9.322905259170577	70.98658826787063
9.376960487246723	71.35352142840686
9.393427718962538	71.50257398923334
9.399185438539615	71.47791958062466
9.385381486369393	71.3723294387599
9.379733365719344	71.32274441664768
9.364237666245058	71.10887038492915
9.349667925269893	71.02788128157746
9.333345976603168	70.9213774234942
9.326891335365652	70.81968603739361
9.320774812301929	70.76757756105997
9.318909268595869	70.77078357344467
9.350348782921749	70.92381474788239
9.335017519011187	70.91022923121659
9.340196396280804	70.97775499509629
9.404351442618044	71.41980369391297
9.407986619202383	71.38010582928945
9.40794874533351	71.3468532457156
9.394259349945498	71.227115623553
9.39470516927089	71.29166257888909
9.403087783490985	71.30644891381675
9.397608056238235	71.18425449885129
9.392538993284164	71.06103949948618
9.400330041763043	71.13229248654547
9.42502396687668	71.3207037495944
9.412940545806682	71.23079869991082
9.411861909532576	71.21889755302794
9.397736980707943	71.1761673574281
9.390214007118635	71.07884590842049
9.379709059246814	71.04705984099617
9.355591863513874	70.97298935571422
9.345451691143108	70.88125393868074
9.33246507928302	70.81364614346361
9.346839568245077	70.9130117136231
9.33173922019657	70.8689571668009
9.315841372618697	70.75322561509667
9.316871757210555	70.75115536225525
9.306994032965656	70.66637104729786
9.309022966951344	70.68677190685668
9.29370074406526	70.6190764778815
9.283286596120515	70.50597414794214
9.303015525007815	70.60296039398898
9.312780932051227	70.69648312438325
9.301589462927328	70.66877425878772
9.289814756279382	70.60757328179183
9.277741542980262	70.54846157298971
9.27026343730666	70.41639755536573
9.271755558030323	70.40911274137038
9.273603897437495	70.35860127920186
9.255800525013468	70.30180627160905
9.237638367245735	70.20941204164065
9.25262112865705	70.28214989866864
9.244178026595536	70.26312409137331
9.236190952410638	70.20663415110343
9.232551310852282	70.16080871416358
9.212454250364685	70.06112618323658
9.224398383703088	70.1205449149468
9.274672566973358	70.43613729670246
9.282281387695935	70.52032641110246
9.321306903336529	70.77277867194034
9.333626782672997	70.89706010440233
9.352402810178704	71.02654300093468
9.350963610159198	70.93322423407541
9.341044457539656	70.90580550477668
9.342834638665003	70.84239108066689
9.340988405876297	70.84173222250122
9.326676570958544	70.74215169179634
9.31223012048359	70.67094274384688
9.323886197897988	70.70507660925314
9.319721499147814	70.67817851838214
9.329937396906674	70.74366215275532
9.3199112146155	70.67644783017788
9.31916024292583	70.63422189031995
9.33016664182371	70.68963141528073
9.320775813011188	70.61926666855682
9.349280112015352	70.82381490894849
9.351076074410644	70.82206348354805
9.346030011706112	70.79681514798781
9.339447995000759	70.7437806688654
9.356964809282655	70.82541509193192
9.366090109469052	70.89157685480409
9.367938112977164	70.86707995108813
9.378058446642003	70.94487671831189
9.377511699816305	70.94981475245879
9.380843961370557	70.94495598279606
9.379942694313627	70.89282500791526
9.383552771679316	70.91000567904138
9.369751928423163	70.85725367748609
9.361443583983148	70.78806864165578
9.368266795185155	70.80666763828962
9.354648185523967	70.78867569170872
9.344245588776975	70.7564264906154
9.33549974198644	70.67227764668822
9.316910320795037	70.56618191445507
9.314420122073525	70.57422833723358
9.333511787945016	70.67124289979392
9.334599829635762	70.66557433482745
9.344170999219667	70.73160406069317
9.339861108571187	70.65593055748998
9.349733607782467	70.71348866994158
9.361329525168436	70.77690892376994
9.3555973311808	70.76387035401982
9.352416733342539	70.76626977876222
9.350479055659088	70.7598679492634
9.358088276113005	70.81489076924977
9.35904014559781	70.78741538151948
9.35923099541942	70.76869949872172
9.357791511626203	70.74844125025427
9.367087435322388	70.87647655706394
9.360151064066006	70.84262128365528
9.360610220617271	70.83304633047833
9.370158091780494	70.89233981374566
9.375806999573983	70.91874027935198
9.374517078127656	70.92049866557622
9.361759931240712	70.83195351848549
9.35650856072449	70.7760915227203
9.361049522719558	70.80811260481626
9.358167837146532	70.7465607386272
9.383683006461592	70.89314781528803
9.379756801715235	70.84800330890299
9.368202970975847	70.7722845243242
9.357644783959868	70.75422150452344
9.347912062314604	70.6751386275506
9.33927876146344	70.63430811535645
9.328712190640866	70.57533268805821
9.323417747086397	70.5198279496657
9.321209532340937	70.43211440856342
9.318205686199253	70.40096143632955
9.318322831319051	70.41943620617964
9.30578862047779	70.34862965955763
9.3028168853974	70.28227042542709
9.294673595745584	70.25413973509158
9.3003204022183	70.25649974319178
9.300911160923302	70.2750489964047
9.29674470905331	70.23852797297465
9.294670454308289	70.19891369920522
9.311439622420378	70.30176527430434
9.301040340063203	70.26548312447744
9.297622103653307	70.22535622078013
9.324873477647232	70.37952077735667
9.34440352494625	70.46937167653438
9.358593565755895	70.57192194952154
9.361739261225193	70.54487575628953
9.371820648265755	70.5827496521788
9.360676024056383	70.55295238506895
9.35233856198747	70.52250963315416
9.341820882605383	70.46623433285689
9.334225651091538	70.44091721535304
9.325943643876778	70.37994816887146
9.314299407199796	70.32066832575481
9.30705516847504	70.26439602564687
9.297897985777402	70.23848074330314
9.300674491572936	70.26370164492747
9.315162733523115	70.38927803042775
9.31689907770387	70.41545665169212
9.316089969450143	70.36912272353659
9.320248624905924	70.39592244816437
9.312050828698501	70.34995247701916
9.309426685540007	70.32258991292255
9.304740022106309	70.2738843126468
9.342095571866995	70.49039251461366
9.349209461483284	70.52818050507169
9.348394361596105	70.50625399871974
9.342759330552795	70.4854837432592
9.337886005731004	70.46743998159535
9.333250421423918	70.42533786574435
9.32585380364905	70.3852256821344
9.333910318219825	70.41905499430909
9.342331630729879	70.48125498131913
9.348948378131304	70.50726049554619
9.348799394384843	70.51896094904777
9.347150582491981	70.52207522640843
9.35265804178875	70.57629674838853
9.34850987086502	70.53247195848758
9.354104077295542	70.55389030548318
9.391011277476624	70.80875609756602
9.390894750465502	70.81778891667221
9.397367948190992	70.83222095755751
9.406321361895605	70.90136828323696
9.423528592001334	71.0024401488348
9.422812700655115	70.99329559624854
9.417377019816287	70.97595442032689
9.415770009151847	70.96005515051463
9.40873357228282	70.90869555451232
9.405926238348847	70.91085546294593
9.453515238450645	71.20343948593244
9.467241482519274	71.28698230985668
9.471860397898805	71.2966517251629
9.472697451012326	71.30217565954486
9.475131820975708	71.30901370428876
9.4622557941338	71.2807666073942
9.462577664381289	71.29823804511175
9.466140357684521	71.31347169591844
9.463823166441307	71.32421636429025
9.455586703534994	71.26904081715176
9.447498785085259	71.22546110897204
9.44043817773586	71.19737738783287
9.451289105866687	71.26757522192328
9.456906349883008	71.2696399149162
9.466863975726499	71.34107578158087
9.477266744480934	71.43408280596496
9.478864712516781	71.41657524537372
9.47807553147411	71.40193673867921
9.482151724267974	71.43688544189588
9.490903815832695	71.4659016515673
9.487441913261948	71.45439162854763
9.481243614041151	71.39919563433749
9.48883934264596	71.41991693373672
9.489497988721345	71.46224618689644
9.487070192237038	71.43807242268025
9.484785458778884	71.44279307994995
9.47992627683244	71.42043780775964
9.4761485551142	71.40363107256152
9.470031889726057	71.38415391308949
9.461251338979304	71.35191997801604
9.45767647405632	71.30394828596664
9.46072641484091	71.28372843956315
9.462655060574612	71.26768192926977
9.457415496661552	71.2495709157823
9.447837272960113	71.19863567221984
9.438263756211235	71.1402430773643
9.451025970952795	71.233021115697
9.48278948030084	71.45678747401134
9.47666455276202	71.43653454143569
9.47490843234949	71.42231203996629
9.483022725487738	71.48007079532705
9.477142517627934	71.44445693681828
9.471507872319856	71.40822689083456
9.46081658734998	71.35787113264392
9.456980754178934	71.30628948071315
9.470224096536564	71.38599020796823
9.48186606211708	71.47039704674907
9.474369175730974	71.44626975420364
9.477794676073067	71.44018852518572
9.475225262863717	71.4340823119647
9.466441456142972	71.37632368793524
9.470502669933433	71.37534321332282
9.467418340535566	71.32773268185974
9.48323486824267	71.4483909615532
9.482259248840588	71.45654905891219
9.483991852644952	71.45007233555619
9.480599240223743	71.43994742243468
9.476406659333907	71.42602740587222
9.47698659604959	71.43179691630633
9.486915149939925	71.44803317068376
9.493448200902426	71.47576830790616
9.491574107619543	71.44261055072536
9.506772978555375	71.52659878299559
9.503202538264958	71.50600416496434
9.498432747113851	71.47862422535343
9.49422341999758	71.46222093366019
9.500271579838344	71.49124366151091
9.492768527386932	71.47708118293114
9.491232918244725	71.45579686864349
9.506585313842338	71.53470137145148
9.521127961187922	71.63231067969882
9.521385254970044	71.64936954125865
9.517234563421766	71.59073683750456
9.538890818617963	71.74864839447687
9.539334137798615	71.76260303514243
9.538096154270535	71.74830873830889
9.539681896506625	71.72870269710101
9.535668076883463	71.68704074036036
9.532437499189177	71.64913567480923
9.528551142887075	71.61954272591892
9.526674875390395	71.59849747460002
9.525393177597698	71.58413962292818
9.518355365208974	71.56135785497018
9.513040210300828	71.51446664762616
9.53869202549784	71.68954340650045
9.56903025572364	71.88898544739675
9.577771020064308	71.93920275043693
9.585474197635264	72.00761557192314
9.583240616748421	71.99918359197727
9.57613576863572	71.96701339895355
9.574128670763445	71.95801917803149
9.571280303566011	71.93838980803176
9.565422970928184	71.93457174925713
9.566203951071145	71.93359098038309
9.564354192280712	71.91073727703557
9.556747600443488	71.88491897288193
9.55104507037092	71.8521050146279
9.545279565018099	71.80821660048306
9.54370958829543	71.81903654980223
9.5400252245966	71.78445079510071
9.538988548809076	71.78447805359488
9.532888353973272	71.75262474410695
9.529527772916891	71.74131858090554
9.52686520270589	71.72064849767295
9.521357713101056	71.68685446379466
9.531943237734957	71.74521816369503
9.525565241672389	71.71725859719155
9.52104551200296	71.64762314512149
9.514367976140413	71.59682456068617
9.517085715386226	71.60241009519632
9.537841231519604	71.74169710853702
9.536800499971536	71.73339622147732
9.537641786300302	71.7473932521223
9.539649679081199	71.76607281452098
9.551003413863576	71.8550496874607
9.549527689889807	71.85964413467588
9.545393799862772	71.83204108081063
9.548765324350182	71.84074450125065
9.5503916762142	71.82433222966591
9.550183272062357	71.83235261121894
9.547469812072633	71.81948706539981
9.551278051524621	71.84566188687022
9.550387214208278	71.84447067970542
9.54722262047774	71.8261489214044
9.547157669555151	71.84104279475976
9.552851112586607	71.84969429223995
9.549903101411218	71.85077653051194
9.545212257524716	71.8169575512913
9.539738650541771	71.76152257412075
9.538870397628367	71.74080800411123
9.545856161861114	71.80269535507993
9.545024355284816	71.78427191223263
9.545645050495871	71.7768291872553
9.548033271942568	71.78855805274688
9.548151788402484	71.79681984344843
9.550248790136024	71.79670759960351
9.551856805306132	71.81036172058413
9.55188021827449	71.81016976078958
9.552813214812033	71.80528283093035
9.548414001819513	71.75654159718576
9.544644493112111	71.73746660599576
9.549449819887544	71.74654434785424
9.5513826798121	71.75508859921132
9.549584501187928	71.73562947162691
9.553154234501694	71.75462350237326
9.560256442992188	71.81910185701035
9.5653008909661	71.88889593588817
9.56243743378305	71.8651749790607
9.56044857818906	71.86310188007018
9.557690687434734	71.83264392195386
9.553253949989493	71.7989858456096
9.54814882394348	71.77152030527725
9.557928304659319	71.83162770507111
9.554681695020333	71.80506081690179
9.54655933014552	71.76043355370204
9.541341068457642	71.73569954599988
9.538708227735457	71.70629851030732
9.53685260095851	71.67541166216402
9.547124206663735	71.72836825740688
9.556998410739483	71.78207853272974
9.556060689026333	71.78399107241655
9.556557563930596	71.76553296855661
9.557323767078543	71.765623993709
9.554215147000411	71.75485808420876
9.561943925999651	71.80542639192824
9.559940718519774	71.77568111210418
9.553275377762699	71.74901583474818
9.551356731567365	71.72356720750723
9.550289882494495	71.72439091426001
9.552618146094172	71.7380824965269
9.546841671793219	71.70349001239215
9.537142775995845	71.66087883038324
9.532640710185618	71.63393498145143
9.527169544889919	71.61929331368123
9.53315633746412	71.62123863928831
9.528981152621686	71.60383129396588
9.520476311808377	71.54850755709752
9.51899001863151	71.54412125560931
9.513608857138342	71.50161458990046
9.50784534772677	71.47031528088031
9.503832547106262	71.44860967118257
9.506516124004627	71.4526829685644
9.50388534508212	71.4361041849331
9.502800642146424	71.41020599815529
9.500460113894473	71.4097465063751
9.498172122176037	71.3852990655611
9.500924601903504	71.4056963825675
9.506157444758264	71.43262128820022
9.504027805804162	71.43362535554776
9.50049648086754	71.41368199911832
9.51439631472841	71.4730852631455
9.54046440438642	71.65147088974685
9.538908943922506	71.66365902930961
9.534966090759363	71.62351548332428
9.549304852034322	71.70531276612228
9.573352667600028	71.86687853799921
9.586464932651209	71.96004977603698
9.58411063818946	71.93713731879164
9.583136628424747	71.92119975163678
9.58015531106362	71.89703487012181
9.575486473285057	71.8941469173816
9.570748606919311	71.86689542998617
9.568094500300797	71.86032715780797
9.562900152702802	71.82450195807849
9.565145232242203	71.8529619348437
9.558076114070913	71.80636661335271
9.55536140122237	71.79413187557566
9.554639771888496	71.7918176939454
9.558587758132944	71.80452231395869
9.56208724899956	71.82892818802253
9.562553231458415	71.81057473681233
9.561919108146553	71.80398238408473
9.56237937531735	71.78406677941757
9.568830891269442	71.82906558239966
9.56332328188571	71.79421130777025
9.574742369382971	71.85506517371188
9.574957886714621	71.84508025005111
9.571060399995098	71.83384077634416
9.567631403714271	71.81620869267728
9.584505991456833	71.92309717561066
9.595292296405763	71.9908707222968
9.607695397006264	72.06098503296008
9.613230312645031	72.11719131985997
9.608697396948369	72.09293345865039
9.634072707693464	72.23761629717852
9.661040430733271	72.434963377806
9.661651461680341	72.418426936201
9.662438675289884	72.41141395493999
9.659505063865046	72.39925441397358
9.652503005084588	72.37596986298644
9.651269946504064	72.37483154177342
9.649864012045917	72.35141057819865
9.649458935701817	72.35806691780185
9.648782329483922	72.34177496267363
9.64605512233603	72.32297277983034
9.642953918767226	72.30775682947642
9.642892778198277	72.30572725811076
9.64613056436111	72.34438433987431
9.642000209197162	72.30545419493134
9.642312315206603	72.30145891641172
9.637548687146817	72.2705209958393
9.638131643382408	72.26700300011129
9.63396503089946	72.24684362854317
9.637069167881126	72.2496484795525
9.638063029665771	72.26816109968756
9.639778777521812	72.28262721793182
9.636208546774935	72.2715641019245
9.632695930233432	72.24991509618783
9.631365495233192	72.2555552770665
9.627380638475168	72.22562536669268
9.625015422674256	72.21563035530629
9.623317393948332	72.20905858142535
9.622896983428914	72.2167077144139
9.619304951186388	72.20516452382878
9.61675908298518	72.18595108785998
9.624130396817675	72.2303662620054
9.621419895114396	72.22227231379149
9.635471913867061	72.29991069330293
9.634615566520191	72.30419203859326
9.63556119439991	72.31581987246663
9.632233676789564	72.31069285629688
9.630505183104985	72.302192115182
9.630716786247367	72.30824161437135
9.627418912000344	72.28487484068914
9.628611157903668	72.30130874015809
9.621047497581074	72.26108635644624
9.615404912953899	72.23825704183129
9.613089725409932	72.21914303060746
9.612386849020561	72.2061007325891
9.611756347053625	72.20570275476658
9.611144049607782	72.19638722845086
9.605962006638146	72.16930015771084
9.604853799850916	72.14576065449333
9.607962849725581	72.16443759838229
9.60662087698746	72.16166247086076
9.606714355349522	72.13531040879501
9.604984895730254	72.11771585940035
9.603950632801425	72.10535819286362
9.598322946192885	72.07484841575928
9.597892876939413	72.07740011394941
9.601423800133489	72.08897185385781
9.598904814092416	72.08321735735747
9.596007583866589	72.0716284161851
9.59493349415847	72.05015392537115
9.590028832656337	72.02492501970353
9.59340640693612	72.03253630692925
9.592058922145709	72.00034480268353
9.591639208158691	71.99563736772498
9.598679927551407	72.03235144529381
9.599794384066044	72.04646946434919
9.597078943242803	72.0245595349659
9.595026009832395	72.00037643304165
9.602185117299372	72.05258843711576
9.600592606454958	72.03913434313334
9.596657358292237	72.00810700205234
9.593532722479695	71.9961330237699
9.604553265433063	72.07300674557827
9.60281634434745	72.05559894866268
9.602593097831374	72.05673874633858
9.59883200763153	72.02416048327323
9.598534113530874	72.02330266522551
9.60201430558087	72.04079537563453
9.615745806587894	72.1280796393309
9.61798805048935	72.15200801395622
9.61374393844731	72.1315225708038
9.619630198298745	72.15290782151048
9.619332973468945	72.15350597234774
9.61538275998408	72.10971060046951
9.613707050648662	72.07879544755772
9.6134722711732	72.06720766766836
9.608494596226858	72.04682350113998
9.601553901499026	72.02148559106355
9.59755412943175	72.00548956735642
9.60307348172067	72.01745100394349
9.601126728748886	72.01404162158191
9.600077738665084	72.00756052022572
9.599218691780159	71.98856832124751
9.598421053270306	71.98676712302331
9.595490220092906	71.97728425975492
9.594530686360121	71.96036613672433
9.59140662174218	71.94661837696094
9.589221184034717	71.93158945797643
9.588352256119208	71.92367316250568
9.587597881402125	71.91249043025543
9.584624465678841	71.88330957949297
9.58468033295417	71.86453059308461
9.59261314795917	71.88843577272316
9.591836715907679	71.89090281570918
9.587273556981486	71.86086726322644
9.583406704348329	71.84148281530267
9.580394272678696	71.82575032502491
9.579806974374534	71.83360961660475
9.577733446679888	71.8099500764966
9.586534190806933	71.85159305311967
9.599124146002678	71.94467341326656
9.599012680908618	71.93985724502448
9.593601521047079	71.90207941159149
9.599439415519136	71.9499504488229
9.600789072043368	71.95340713641212
9.598712723996083	71.94329731260714
9.596465133404854	71.91311368829373
9.592461840848365	71.89390951307487
9.594103377696007	71.90361311691007
9.604879863758118	71.98445570939067
9.601970498911358	71.97606758144262
9.600886460054893	71.97199527126325
9.600479652176771	71.96766679201076
9.602083288203374	71.96114890623488
9.598770760408428	71.94965903590439
9.59474520796788	71.93277999917382
9.595399967088714	71.93640782747146
9.590715286767995	71.92508381164491
9.587295060139045	71.90471295516862
9.589717158408163	71.9202461794195
9.594067563283968	71.94367388786426
9.598720408003773	71.96151340569233
9.594008347948758	71.93146993063887
9.592811210405749	71.92645350003036
9.590020821809757	71.91600987291302
9.586705186653653	71.89376733592199
9.583876255866448	71.87125982977543
9.58256170864254	71.86791274812428
9.579929989628006	71.83779609379239
9.577400587263574	71.81625515177511
9.576002767272788	71.8148467784467
9.58198840188792	71.85715864864316
9.582820164405078	71.84921451564973
9.581380058660702	71.83844847798568
9.587090048727324	71.8697116783387
9.588181908907012	71.86895238527175
9.585863586394185	71.8580478779669
9.585432186742896	71.85230400919637
9.582655702584043	71.83026787453616
9.582101871860187	71.83000230595968
9.577513641568515	71.8122261897519
9.579767729563725	71.821515921541
9.582265289594746	71.84536483143191
9.583692681946525	71.84466892639905
9.585320899616846	71.84551068966012
9.584485621179654	71.8443760186346
9.588629868289063	71.86664421822898
9.591109457322373	71.85373609869866
9.593151812346775	71.87292975125
9.590192321423835	71.8433137549722
9.590484154271902	71.83933506791364
9.618270397317145	72.01867561408245
9.650443372145524	72.26352116666446
9.650156748571632	72.2590192577317
9.64493507043219	72.24394110188712
9.641367302870304	72.22988772309466
9.637750179207085	72.20916210126198
9.637534997311842	72.20890297566467
9.635035400731116	72.19776751809835
9.635136203467505	72.20235425082588
9.63410891042369	72.20595084276587
9.633786832517691	72.20236164605731
9.632767475271534	72.20224576052604
9.631703293590274	72.18440590355709
9.638824093940217	72.22297563046531
9.633943059497295	72.21742406800963
9.629456901337411	72.20114562681883
9.62511684215698	72.18467327472301
9.621418458822248	72.16433538720302
9.623895860504001	72.18537391652188
9.62089013110513	72.1665079351309
9.618883200951156	72.16003218090553
9.62032729787168	72.16961463115851
9.619614752637297	72.17526585635407
9.618539499402864	72.18183697142163
9.617335335293038	72.17885050505662
9.617591916293044	72.18193023915195
9.612770612339906	72.161513768177
9.608212260866866	72.1478874447692
9.603583844658806	72.12638023719902
9.599121146549152	72.09758185521989
9.600637229536037	72.08823708247502
9.598050201609219	72.08200118109684
9.596936277124698	72.07471371104513
9.59421807591587	72.0529630625583
9.594230520441458	72.04209253349751
9.595864437482984	72.06507004345052
9.593937702444368	72.0492713264985
9.592663254053527	72.03717624569134
9.588837129546619	72.01670016728148
9.586856289298021	72.01125365965568
9.585657568008363	72.00329776701105
9.586761919667286	72.00906136697256
9.583615939584814	71.97338514032025
9.578931798749945	71.94401991959114
9.576652573337903	71.93032577458527
9.574187193676051	71.90693173773313
9.572105624411039	71.89234839352581
9.567299852727082	71.8702884033317
9.564462054949933	71.85825202500037
9.564328736426333	71.84531156446025
9.564816590701732	71.85000434131815
9.569429867768328	71.88098531291027
9.56738432605299	71.8572661202003
9.566417796488196	71.84050652292332
9.567165300138067	71.85652542039742
9.56222940644146	71.82515788301194
9.560779959213164	71.82462582868051
9.55865830488028	71.8178512080085
9.560817914427503	71.83042050222087
9.561202209869617	71.83198476739481
9.560176647399247	71.82644188560481
9.564802046180043	71.8529152268929
9.568865592905249	71.87402548138415
9.567962037125977	71.85785019829846
9.56508999338368	71.82922933500072
9.56006401189118	71.81095848900266
9.556185249944706	71.78858585205391
9.555968319780892	71.80290077177217
9.554679263302331	71.79304455978675
9.562090170899946	71.83479009445895
9.574406339580534	71.90537169930239
9.574197611616244	71.91627793422654
9.581255422677783	71.9588505520732
9.586281866287342	71.98046701540233
9.587361517989555	71.97248604984186
9.585549631347517	71.96449767857473
9.59536879809748	72.02103448852625
9.598487373876651	72.04778543367927
9.597176046863463	72.04582387873909
9.595903280785693	72.03277957789552
9.59989421178593	72.05358665620332
9.59634807912221	72.04275272308463
9.592639271426671	72.00464783677096
9.58946449567928	71.99315731114498
9.587458986895697	71.98364690381044
9.583403829127684	71.9587310033399
9.577994003520827	71.93711291344782
9.575871745105498	71.91431110207941
9.575784527094171	71.90120913370572
9.57853690118209	71.92737039058422
9.577547494958694	71.91200472878336
9.582399035916639	71.9248812474362
9.587854842400175	71.96241497431718
9.585414358213521	71.95405727505376
9.584038063474793	71.94809811679315
9.580305647040715	71.93221704029592
9.583922521994788	71.95150349958438
9.58058038385588	71.93075716389882
9.576726171509122	71.91943694205641
9.575706118350604	71.90281611110716
9.581146754206557	71.91706084572682
9.583658259277884	71.92812159089428
9.582476253902168	71.92579561139362
9.579882293013242	71.90075741330764
9.577223820479492	71.89611490400831
9.575579287816176	71.8902691732898
9.575701489832689	71.88781019906479
9.57203205645065	71.87330568139485
9.573717950976487	71.8771198129216
9.572905745440096	71.88403099469687
9.571082838691039	71.86369573911215
9.568995263823398	71.84139327526758
9.567839893805143	71.82936917218491
9.56697888418446	71.807628303773
9.566253284742244	71.8097006424536
9.562530392215637	71.77735109067325
9.56194301043493	71.77503289691687
9.559892231553647	71.75093520146481
9.557059147951612	71.73607308255961
9.556370526107404	71.73191046863917
9.553524970475378	71.72015119787888
9.550373218035839	71.70499350824494
9.553898966285253	71.7195781850375
9.556956774264211	71.73709940039014
9.554365750935942	71.71544030003261
9.55277542663193	71.71838787986675
9.550543466504758	71.71114731958885
9.550471440736255	71.7051802993657
9.548448175378196	71.69096274471259
9.551451043288893	71.70384855969921
9.549505481179692	71.69871724029143
9.552481442085478	71.71566556421517
9.549078487994455	71.69956544076022
9.544095434047076	71.67897850787882
9.542208476214954	71.65623937423908
9.546559689500231	71.68142047941726
9.546343257226871	71.6786445786637
9.542243032875632	71.65197253987537
9.53885799473698	71.63591374672255
9.5381186533326	71.63550015520464
9.544796623709987	71.67294623748231
9.54266663293037	71.6736166893192
9.542184010719904	71.68138814414827
9.54515818696028	71.70150345525272
9.542236718604562	71.69510044038009
9.539499099748669	71.68795199257002
9.537038152270608	71.67450660652624
9.536809032882656	71.67782183830174
9.534389028732859	71.66361793039637
9.535509332491477	71.6645843992755
9.535077343244012	71.65390277552353
9.53328794019529	71.64340136619836
9.534895017143457	71.6377189995122
9.53383241059842	71.62752336423932
9.533329992707882	71.6174143211981
9.531065875100822	71.61676100471027
9.533195751769165	71.63570103761951
9.53404335577781	71.63779758940348
9.533205772662171	71.63340722032756
9.532563843645857	71.62637703717067
9.531292484352836	71.62179822099748
9.528960437971065	71.6092364482929
9.528132566418181	71.60183023436034
9.526695303061636	71.59291135339016
9.525255200933188	71.58090641616754
9.524537505021058	71.5784081939534
9.521774080285864	71.56052860014049
9.521201026663972	71.56520159606266
9.519724374705246	71.55189498904181
9.518352862783924	71.54648128202618
9.51581387772125	71.52721670048778
9.514778601615676	71.52936949213452
9.514518131172839	71.52418992144757
9.510950999790067	71.51736893071889
9.50938790992522	71.50843065202764
9.507473150861244	71.49784763680374
9.505530177885284	71.49810666898685
9.504962279061639	71.49058858655762
9.509684135775743	71.52888733264882
9.50608308065907	71.51360361207796
9.505702538151453	71.5044862345139
9.50468937077212	71.50163029873733
9.503401807025693	71.48770532433818
9.501094312013281	71.49007241793545
9.500080628156441	71.48019209582407
9.497603952944926	71.46229705352367
9.49556723448582	71.44174421806633
9.49719999212155	71.44086726253373
9.49908608827802	71.44490036839177
9.501355295728093	71.46570768683243
9.502659068772433	71.46439725010107
9.501763396721824	71.46436690941113
9.498990470988508	71.44822621133632
9.497046830404036	71.43042098332712
9.493434890251358	71.4286418362651
9.49048970988141	71.41115143918682
9.490031287905785	71.41334446969631
9.48849875335755	71.41431720544335
9.486452370186768	71.39765897697002
9.485332507591215	71.38503818359887
9.487061823248085	71.38310593143444
9.488011658007773	71.38902330698194
9.495022010775244	71.4258912306413
9.494713215494816	71.42723738007635
9.492817631047693	71.42053571365665
9.491289471181757	71.40198141448217
9.488476259046475	71.3834966704962
9.487454144981271	71.38721770924768
9.485489993136117	71.3731570435607
9.483759315898109	71.35988280304609
9.482874720895976	71.36555345013794
9.47869885735717	71.35802668387488
9.478598021268423	71.35504601262605
9.474856409313054	71.33816595719212
9.475787099194724	71.34391054345097
9.473278849714623	71.32857815236078
9.473274347509848	71.32247524316745
9.470809193797285	71.29402303752808
9.471088789132219	71.29584487769355
9.468009737185685	71.28100189272737
9.467516934759516	71.27221857719674
9.479276860929149	71.33942464490565
9.491814333600402	71.42778003351899
9.507994469484348	71.54162984613649
9.513415751817009	71.57930601962612
9.517471839680713	71.59811820087353
9.516182909211533	71.60154682572117
9.514658784926755	71.58411620004853
9.512398859385065	71.56306875296038
9.5085469606448	71.53480678817115
9.519949802310705	71.60610673704075
9.517931105289842	71.59544767905554
9.528731365873034	71.67456760405737
9.526305146732371	71.67126129385721
9.522044503137328	71.64843656544379
9.520626073943331	71.623335211094
9.521903155166392	71.62515740966877
9.523501865007235	71.63318758736732
9.522450670618394	71.62223660681673
9.518494673411617	71.59979435124703
9.517424587547394	71.59528283416444
9.514929767590615	71.58473957658474
9.515413856329404	71.58064504668641
9.513941618827047	71.57871259973935
9.513100508003692	71.56934263101363
9.509703101252923	71.54635562239022
9.507400279622054	71.53066365726744
9.504850023246334	71.51217374979773
9.503945112080398	71.50047506471124
9.50310117652703	71.49389610916701
9.499955606147974	71.47093068048254
9.496739387443371	71.45299671705035
9.495291316388876	71.44649809914381
9.50035651227334	71.4704816133505
9.500412023143129	71.46420088237673
9.497689127550087	71.43888379306809
9.498936795196297	71.4535904071037
9.49783175066639	71.44966755394319
9.496122403716454	71.44026828826382
9.493160928516657	71.42236014692783
9.490248056809381	71.40021494650486
9.487828935539506	71.39279174559603
9.487171123863062	71.38302010019372
9.485191249736841	71.37246390953385
9.484048351568788	71.36636735245153
9.484093409066183	71.36737810002589
9.486789397786458	71.37556069345206
9.494953178697948	71.43675268573938
9.494586644193763	71.43741089869854
9.492862535484502	71.41965544152995
9.491234229672045	71.41172299967056
9.488736158695735	71.38906453587326
9.488167754317887	71.37458645728695
9.491088391675786	71.39271645942397
9.495293376863904	71.41598653883388
9.494799110893082	71.41296940834248
9.49579401390106	71.43289796277062
9.495422910377503	71.4398214708101
9.500496658937143	71.48137837683994
9.497794151699878	71.47163500367982
9.495458247195183	71.44661247606604
9.498073817334065	71.44986736507788
9.500961610117034	71.47586945136
9.500280521507223	71.46244553002376
9.498762790530504	71.44902451835084
9.500490948919085	71.46450240083207
9.500908669044897	71.46206320378657
9.504444415774447	71.49024100394807
9.50531424337485	71.48853508461949
9.503874389571674	71.47393830926426
9.5038979900491	71.4703559049133
9.502882464559725	71.46609007881645
9.505582133929067	71.48441962022567
9.50402208066374	71.47693992178715
9.506327166472865	71.50118607065961
9.504688388648034	71.48865785995281
9.505376257120407	71.48387991490134
9.506051571869206	71.48788133406579
9.504492609926617	71.48127361581577
9.503191131274459	71.47747511367884
9.503598329656597	71.47504023430339
9.504529559735033	71.47832097397648
9.52278855715481	71.59956107038587
9.533671541381835	71.67856447181344
9.536369269297891	71.68633254786134
9.53697033027851	71.68540705392941
9.537807441883526	71.68802560733073
9.536747890254723	71.67639611820184
9.535205869603745	71.66465889892002
9.533991962556632	71.65363500901901
9.530482307332967	71.63761787397766
9.526728782647385	71.62848989710425
9.524478406913264	71.62450537020102
9.52231285971695	71.61239967893168
9.528859095464446	71.65183974238676
9.533938767498178	71.68898328864766
9.533465393447258	71.67566077146671
9.53112813262278	71.6448702254976
9.532587621186684	71.65742259547682
9.529984749394695	71.6420388326495
9.530570727312242	71.63500873719887
9.531842038877858	71.64008235978673
9.533641530145625	71.65086437950055
9.530795771389737	71.63624917476211
9.528856149119028	71.63188456923213
9.528816476434324	71.62021032624159
9.536610767657823	71.67778255245705
9.534199605099573	71.65520566073864
9.533571894102488	71.64174131526755
9.530534094367303	71.61448330049915
9.528213163147345	71.59691346651447
9.526640979371685	71.58325605610311
9.523020050559627	71.56533676177033
9.520938007856753	71.55554011798597
9.520421860986556	71.54468466563357
9.51834744863611	71.5332270791091
9.515941948779563	71.52012434669875
9.521125791567139	71.55468161894025
9.520668935037895	71.55451362469735
9.529732303935448	71.59951419365558
9.542576234999373	71.69589389982544
9.540368997658918	71.69194218320533
9.542850418301482	71.70705847740173
9.54104239248626	71.69589013530769
9.546656754964527	71.73879680135481
9.544004977512452	71.72890865403822
9.542032909461707	71.71394680768623
9.538116168139785	71.69113454947419
9.53678535976807	71.68605424488722
9.53636354267867	71.68610891664629
9.535355856399372	71.68006673132267
9.534438194896987	71.66459056632702
9.532879230367596	71.65524983233911
9.53009173017755	71.6484358459232
9.528829807250839	71.63374869435593
9.526187748298033	71.61540708973155
9.527287008553987	71.62770268906847
9.527907441116017	71.62885639248591
9.526411000091816	71.61995705120043
9.527951759367669	71.62803744826972
9.528426578876843	71.63896471154357
9.532207523765134	71.66388943686962
9.529893088484817	71.65299801103828
9.534942580696258	71.6907975757957
9.534599315677744	71.69054838722252
9.53253310025661	71.67900308947443
9.530138999183768	71.67080010619742
9.527066529703722	71.65498391229255
9.525539967382354	71.64331532858098
9.523995157888354	71.64062280709504
9.523371587490406	71.62580615962895
9.525746034792018	71.64844128065909
9.525718768557374	71.64556797235316
9.523830329567653	71.63530446772414
9.523169587961192	71.62519722698404
9.532647895317513	71.69794859110807
9.53169993999875	71.69639855951316
9.534314443940657	71.7101101326559
9.533465971295682	71.71258957444923
9.534285806562936	71.72431612789143
9.532724575168169	71.71155132124403
9.531439654959465	71.71481370026787
9.530908901231905	71.70733207339673
9.530077757983975	71.69268535518444
9.534910079923096	71.7116590480625
9.538373863414765	71.74079782753509
9.535738448521435	71.72814123336946
9.536010227617385	71.7226508944273
9.537218936860144	71.7331881565457
9.538851468904396	71.74120868014377
9.539120264790082	71.74630443402062
9.537822747875829	71.74611956504205
9.536653685385831	71.73469584865252
9.534933197614347	71.72237599073532
9.536065370688776	71.72259407664365
9.535087625933633	71.71829737302525
9.532667043415657	71.70556936398664
9.528809678709031	71.68525412631942
9.532982822869771	71.71321959008459
9.534969401631026	71.72393338043845
9.53322498618117	71.7170722272173
9.531688389080083	71.70934503717393
9.532010351213726	71.71076317863339
9.532809184885972	71.70933682010529
9.532033781102129	71.71215088012706
9.530859934004118	71.7071349114235
9.5314152858721	71.70389255487542
9.528518771150482	71.68511155295813
9.527184507879568	71.67407576429068
9.525061499960948	71.65950643575557
9.522521421250246	71.64099775614014
9.525111271428857	71.64432788914748
9.539873734514716	71.74400956063131
9.547224473472257	71.806297912735
9.54628402120574	71.80143673107075
9.543003993989911	71.780566556429
9.543405727521035	71.77863015412312
9.541952578687766	71.77546893237746
9.541518933751338	71.7672557147052
9.542780459662119	71.77021516009815
9.541142464396808	71.76723092017562
9.541034893601074	71.76702956269266
9.540724885783778	71.77321818010465
9.538476343844724	71.77113502574326
9.538236366706448	71.76754415912909
9.546666870352801	71.82682307813
9.550173632305354	71.85300761659346
9.548603425309174	71.83468453432836
9.548590304825865	71.82966491239443
9.548553964393118	71.8331390657886
9.550193801265731	71.8444968552505
9.549537763267761	71.83622701288618
9.549350694074946	71.83149139791229
9.557509479328914	71.882473053548
9.56463346697661	71.93352292512189
9.568740165657903	71.96109770743139
9.568531183741133	71.9585721144425
9.566344585981268	71.9505699474015
9.564559263769501	71.95026368241278
9.562384740042628	71.93215486297616
9.56149501625429	71.92683745243706
9.560200509984533	71.9208125348603
9.561307318837097	71.91570010421607
9.559439030046963	71.90069107217707
9.557495539380234	71.88356350921528
9.558132888834573	71.8695428088587
9.558182211966365	71.86820367268257
9.557800572869906	71.87370364561117
9.554417287871525	71.85506691669296
9.552515746900518	71.83672873964348
9.550660762335532	71.82647666112354
9.550838749678936	71.83073488418107
9.548304840712722	71.82462130809628
9.547217062353342	71.81779821903656
9.547429439603127	71.81998272565846
9.547316943186873	71.81972240136511
9.547907244692338	71.81936524948252
9.546189270089805	71.80779914314054
9.544991994252356	71.80168197847117
9.542946521345364	71.78994531941603
9.54252349949177	71.77815192690468
9.541217565537204	71.77197593417058
9.539706877198519	71.7703689973132
9.537358405391435	71.7593855727852
9.541645584012404	71.77999539014967
9.54525407761288	71.80848231201308
9.542338735332097	71.79474870995648
9.5419873139966	71.78962704205183
9.544991524599078	71.82041262944425
9.542107684448101	71.80307921483218
9.543975019454146	71.80781002155891
9.544755160812578	71.82335905972978
9.546829655565904	71.82814368403741
9.547185666396949	71.83821327405181
9.545957152305078	71.83483294535708
9.547491120840848	71.83860241879863
9.549699020548857	71.84367250807581
9.547506685112936	71.83530531064406
9.54637416954052	71.81526868856092
9.544664678706757	71.80599601214738
9.542591038312727	71.7962368036853
9.54068888898375	71.7892620919305
9.542578047891421	71.79726318357137
9.543594261969483	71.81298671503774
9.542288825658098	71.80221515003788
9.541769769429981	71.80411624886518
9.543002733026691	71.81544326567898
9.541595225739606	71.80989353058757
9.541229260984029	71.8009433358966
9.538913872942635	71.78705693508302
9.53926013918348	71.7804927105533
9.540063395079612	71.78559412269375
9.539735420705004	71.77920178084224
9.537856960570913	71.76636587411026
9.535374757019381	71.7608943892074
9.535824246182559	71.76035411890153
9.533629137626935	71.75626891187629
9.533285772457342	71.74827593860098
9.531331744513826	71.72891370323448
9.53227531866771	71.73951896150761
9.532434836298062	71.73607164381694
9.53039342195998	71.7234678867215
9.52757663276046	71.70502311658025
9.52719398835504	71.69603203798648
9.525325699898605	71.68767394969288
9.524771426692626	71.67298215246123
9.523742711047138	71.67167184334947
9.52257042932139	71.66191420732137
9.520796177464465	71.65424185933517
9.51929295691701	71.64125665410361
9.515874620956895	71.62706326785461
9.517276919833071	71.64033955971352
9.522199287108178	71.67424740308131
9.529114897899438	71.72682362504179
9.526847049406081	71.7139344105189
9.527456358949065	71.71464932988509
9.52541416448368	71.69906652264443
9.524946667900274	71.68876715664038
9.524215363440208	71.6830582381299
9.52598113679362	71.6946860445489
9.526738917997761	71.69581705502392
9.52555853866733	71.69109983050107
9.527922596095545	71.70069201581191
9.525867560226164	71.68648421404107
9.523583530530672	71.67853234893992
9.532044625156644	71.72604730992163
9.536586070679482	71.76075499308324
9.533497503258571	71.74022094588194
9.537271266847958	71.75901325041333
9.535784591622253	71.75487559252626
9.540952061941617	71.79284589832646
9.544092524011743	71.81917856796206
9.549855303869453	71.85223433507792
9.549188374372465	71.84270167808064
9.547904192051057	71.83574521482353
9.54553184641179	71.81987605955285
9.543776217495155	71.81008279516809
9.542603075875991	71.8097012882438
9.541913587541824	71.80360174229669
9.54329907079059	71.81455439728617
9.54145997710701	71.79908824407045
9.539538647678018	71.78874112963064
9.543918378122575	71.80287930229265
9.543194932713568	71.80298383997942
9.542860918045683	71.80887104965308
9.541390103854916	71.8047614310104
9.54174510817643	71.79509864767826
9.53937118934535	71.7813318869493
9.53747321172053	71.76686261661116
9.53683041010304	71.76539876346696
9.541301846558895	71.79672141375137
9.53917572969815	71.77982391585971
9.53750497306273	71.77203802328916
9.536047465414448	71.7651385074247
9.533897639651187	71.75443986523508
9.537441480242665	71.76390252356775
9.538393918008747	71.77088507668749
9.541244800377825	71.78861371574979
9.540147011256405	71.78300172269324
9.538594123290475	71.77678694780005
9.537833659122091	71.77581992133968
9.536497934735973	71.77122148787987
9.534870486556908	71.76371319998147
9.534104252739278	71.75986122286065
9.532751120204326	71.74666258278685
9.531029167512264	71.74334889719748
9.53262059287627	71.75301572143651
9.532035574029416	71.74630373774797
9.532921764091299	71.7576850264376
9.530287219025594	71.74746439716087
9.528327408106138	71.7395040402695
9.526280520866084	71.73087594299564
9.526320511002764	71.72536050953822
9.526293611930019	71.72913434990383
9.527619036581202	71.72911800546461
9.535390694940245	71.7881137517517
9.533423519581634	71.77309170151914
9.533536470086265	71.7632761940324
9.532559304123374	71.76268045364097
9.531086923284171	71.75486664975108
9.52881311780382	71.73962301370057
9.526225994280395	71.73035086429256
9.524136954195924	71.72064696835655
9.53466661588262	71.78860911576005
9.532485761173309	71.78653670621543
9.531605179545483	71.76928537000178
9.532549594566353	71.77133253247615
9.538570488710581	71.8088375774911
9.547214173985305	71.86539742562371
9.54603047778512	71.85974298204694
9.54619003504381	71.85728649166138
9.544945037484037	71.84219358695373
9.543859092611806	71.83175580844247
9.543170724630256	71.82431441335191
9.54453389959381	71.83507029429953
9.544732993085551	71.84394370309616
9.545084792813164	71.84295650902237
9.545762479863292	71.8471753718647
9.547146135360197	71.85190372512048
9.54720533306127	71.86107734441848
9.546349343997617	71.85718024431624
9.549045138466202	71.871792828509
9.546755264633216	71.86326278450319
9.54631410252784	71.86863533605867
9.545930258782581	71.86417190633333
9.544499356539912	71.8566097688534
9.543753935805837	71.85283797089554
9.543431000991102	71.84337899004402
9.541450066489912	71.8309882536944
9.544332217690966	71.84226872497025
9.542824542276207	71.83412407479656
9.54113510522435	71.819848718076
9.539676529927213	71.80867182676288
9.5415699597899	71.82069154260799
9.539159935782136	71.80981188223959
9.538782765270822	71.81015884096112
9.537880915312902	71.80655095933173
9.535430630990714	71.79263262812552
9.539656394220673	71.81409947537617
9.54429064543696	71.85216408341702
9.543377841518787	71.84914093614202
9.541353963942228	71.83707159034978
9.541083067920205	71.83617252353218
9.540880957076698	71.83983223248947
9.542827119574254	71.85427382427221
9.548061407973856	71.88539538047256
9.54840052972289	71.88707008336473
9.549349892293902	71.89804604154153
9.549425576455766	71.89370590236763
9.548472751222038	71.89035560286368
9.548849363089762	71.88761905165046
9.546908477077238	71.87146506936604
9.544246440595165	71.84988518808018
9.543262138570944	71.84294440831367
9.541803120174132	71.83376533500778
9.541754713955967	71.83653829895269
9.541834590804617	71.83493498847463
9.542426634972886	71.84052424186122
9.541798430458918	71.82626726216942
9.539593759504756	71.81746210759596
9.537194797891061	71.80452077613793
9.535346559332515	71.798374500048
9.534680145006606	71.78982748612638
9.535194487996396	71.79946463851556
9.543717739001963	71.85878798848809
9.552324532851362	71.91608528396387
9.550189095462018	71.8998065398646
9.548276178461949	71.89182661860256
9.548524700722572	71.88554977614771
9.548030127981761	71.88228777891113
9.547621276231213	71.87504550925107
9.547005750643452	71.86625441164401
9.547433734473124	71.87389997298413
9.54652850765809	71.8728213309848
9.54545514633202	71.86256354477435
9.544183751244375	71.8587160704724
9.544041170817279	71.85612414549831
9.54485152586338	71.86465246233969
9.546158892112594	71.8710080074449
9.543865311033615	71.86075827983711
9.543677419307048	71.85585879696409
9.542168484918866	71.85084730647019
9.540721031139325	71.84235979630223
9.540465985110233	71.83826741903604
9.539743483649593	71.82935133303884
9.539263867925486	71.82553546091849
9.540167103865969	71.83343750015807
9.539046195637589	71.8221838402183
9.537515811478888	71.80720066513064
9.537890888129361	71.81112667605761
9.53857129068342	71.8147473930454
9.540119090720177	71.82229960623387
9.539205717341922	71.81587659643597
9.53787059889892	71.80952353036653
9.538617275521535	71.8142972893355
9.538488357655876	71.81572154574472
9.53860817833785	71.8248469541447
9.537893049081472	71.81472414399741
9.537467862754049	71.80679242570469
9.537455111509184	71.8090833964479
9.536553414255359	71.79886491138711
9.536837151815481	71.80338519433211
9.53529518922245	71.79351120799683
9.536312599429165	71.79194946604044
9.539241839552242	71.81058787694882
9.538141057121283	71.80146693159475
9.537197748008264	71.79160408367773
9.536758514168628	71.79067942640984
9.53569395979586	71.78183423019723
9.536964822274463	71.77966644968762
9.536404532455752	71.77590998450047
9.541675214900506	71.8077113576661
9.542218838137197	71.80906707279439
9.54087378684242	71.80580830290904
9.54093459426887	71.80992412151954
9.539850775927587	71.81308677813524
9.53955725691011	71.8081353515232
9.539726358178031	71.7996532798326
9.53912498678786	71.79941018412566
9.538114495137272	71.79480746278229
9.536300123142002	71.78860441242725
9.533469930042523	71.77601380332402
9.533842803448945	71.7786262909736
9.53596474997275	71.78614932297447
9.536868914431839	71.78959360249496
9.534418371083948	71.77857114141796
9.532981045481362	71.77389696785879
9.533491296737475	71.76551093987526
9.53278774056371	71.761926449029
9.53391033578432	71.75817711908597
9.535741571134364	71.76104216391207
9.535746629998275	71.76595902535627
9.5396395144554	71.78687941874973
9.537652460425555	71.77995387821316
9.537685900603929	71.78066177130425
9.538085385603686	71.78349424985976
9.53686786093001	71.77352827224716
9.53656704935777	71.77423472016908
9.535769048200516	71.76868197356953
9.533811949736712	71.75817100926217
9.539018990986925	71.79404668151571
9.542109217953165	71.81022895843842
9.542063590805142	71.80094105586262
9.542070607688025	71.79394214348767
9.546271890381547	71.8172571492251
9.548083182919735	71.82260030560143
9.547179485866941	71.8125310761179
9.546699406581187	71.80378089436475
9.545573939904646	71.79704559289056
9.544659577000285	71.78753284507529
9.546348861216417	71.79200138529905
9.56012816802809	71.88053834021265
9.567815959030613	71.93572475997419
9.572420547019265	71.9639940488861
9.57137617599583	71.96224714364864
9.573868101552566	71.98148235614646
9.573540156708406	71.97702929663465
9.5724146674131	71.97093075411217
9.570172310608744	71.96015474299338
9.569205991088245	71.95338218270611
9.568746346802785	71.95785614258939
9.567938738570414	71.95226984159996
9.566947455934422	71.9471582788335
9.56750782207209	71.95494973914295
9.566078184255955	71.9527155238585
9.564939643642534	71.94586281137661
9.565708280660512	71.94347581219132
9.575706144760398	72.0111228089056
9.579741397969357	72.04257050905711
9.578370947433317	72.03274779914447
9.580779658689691	72.05504398580294
9.578743765872462	72.04144414767171
9.580252187782849	72.04403339375459
9.580692180310686	72.0545931213637
9.578360539042603	72.04122418758669
9.577322723228784	72.03573682360572
9.577151474671469	72.03676404112625
9.574814437927362	72.0325398443586
9.573468692633451	72.02778291849621
9.57210630190875	72.01921643028398
9.5713118400323	72.0087983774788
9.572160727611289	72.01075043757676
9.573164864112886	72.01754402493991
9.572145183687253	72.00422724585404
9.570318957276369	71.99156588038676
9.570000075568624	71.9835339556891
9.569009368306006	71.97289470096506
9.566995382638712	71.95334727763988
9.56582162527704	71.94985700096201
9.567277688813617	71.95094475436362
9.565997207516038	71.94907703574997
9.564508805230254	71.93895826536746
9.564100128794433	71.93695896877956
9.562287544161896	71.92197471354679
9.562367989835844	71.91578189759424
9.563031187790127	71.91821631722922
9.56162880322349	71.90632936326334
9.564221757721873	71.92569867214546
9.565716998669714	71.941644601227
9.564272357499751	71.9324569149085
9.56245373565371	71.91442394769913
9.562697106944656	71.91853308988905
9.561299866113234	71.89886174224121
9.559424728634017	71.88523599602867
9.561308390885786	71.89867286355214
9.560297654462602	71.90115895746115
9.55926619999034	71.89927291933834
9.558085863217762	71.89265846256134
9.556702899617086	71.88331728519606
9.555629679290176	71.87810167470991
9.553714773086945	71.87613051442156
9.551987422585054	71.87196239587028
9.553936038332774	71.8798902243417
9.552846433979632	71.87572620301914
9.552915707146592	71.87191406434867
9.552920606309522	71.86702707289541
9.552259397981542	71.8660811040128
9.549697990916043	71.85440838027478
9.548843202790833	71.8472276279075
9.54897618464029	71.84212460697456
9.551049717426181	71.85043981476561
9.55047705692779	71.84361117129276
9.555234620611504	71.86619086828183
9.561382342127917	71.91407675080627
9.561574473820645	71.91479386728247
9.559976539362886	71.9044205133609
9.55872170195439	71.90136599186786
9.557426109022828	71.88733649455325
9.557448128986456	71.88559095018421
9.555293357075815	71.87279645554905
9.553614734085686	71.86712280730066
9.551177188522516	71.85631982055118
9.556854341518223	71.89711334464066
9.55757226002834	71.89352025769756
9.556155158276981	71.88448996943356
9.554525858605373	71.87562782550245
9.553588786743207	71.8666709839174
9.551105243849168	71.85490449638546
9.550405146337994	71.8459666845519
9.549914092460153	71.84447894167776
9.550257044770172	71.84691514048414
9.550416895368532	71.84738754927005
9.549826955463434	71.84573681894067
9.549523289871386	71.84213605545705
9.551005358333537	71.85314194665166
9.550883856964743	71.84447986955108
9.556293016905142	71.88444567296176
9.555568500454175	71.8811953423531
9.554419946160747	71.8689122923803
9.555187137998606	71.8681272528657
9.554681674668059	71.86477600789976
9.553719564554056	71.85798948396332
9.552986674592411	71.85234413251145
9.553881380679924	71.85021317329672
9.554746314745183	71.85193968661078
9.553222784747337	71.84268263502088
9.55236928281703	71.84194458741797
9.55229330623179	71.84008405559385
9.557319267680672	71.86789407595035
9.555932455715807	71.86082170571657
9.55625405260159	71.86369597174296
9.5543407976232	71.85728784518412
9.55602809299732	71.86522069488426
9.561713958853527	71.9032274911049
9.565447621442006	71.92713414158338
9.572138989476406	71.9680792885666
9.570985966566996	71.96218496713018
9.572504448807527	71.97233189049945
9.571905150488861	71.95963453807695
9.569663569770913	71.94497912638731
9.57127864749853	71.95182613474836
9.573133992415135	71.96106066512637
9.574115159561037	71.96085277578415
9.575149815007983	71.96220629870477
9.57493357957994	71.96738075774297
9.572682400340602	71.95150942592673
9.57194706578604	71.94817751520515
9.571118962040469	71.95504069566232
9.569587766777708	71.94399298230182
9.569678368704603	71.93769254506134
9.569465296222932	71.93655799554381
9.567398386996437	71.92606129253059
9.565502115650641	71.91112569750253
9.566246217276205	71.91718280144737
9.566114354251576	71.91893680044817
9.566602949136222	71.92364106464248
9.567849851091742	71.93290511022188
9.5673522914398	71.93589134897407
9.566191640517907	71.92818889189098
9.56691168319162	71.9295044134226
9.567791201284965	71.9269063429155
9.5673596820355	71.92810171134477
9.566249510950373	71.9241891637903
9.566180145391458	71.92525838216949
9.564123249579431	71.91024744546093
9.562414101859664	71.905217616496
9.565383739716422	71.91666654993355
9.565736569611238	71.91864219213765
9.564373127634985	71.90545279770382
9.562355740062253	71.89922035242597
9.56091425509031	71.88939739399812
9.559076441027125	71.87997927382487
9.559358597393842	71.87747111261076
9.558310670550451	71.87285916108017
9.556989860057673	71.86393761538403
9.559240057372508	71.88130414138482
9.559094381479362	71.87559049411564
9.557342807825796	71.86624141514896
9.55619000960562	71.85745654631188
9.557210032868987	71.87231050062468
9.55662858462687	71.86557233533078
9.556227798727585	71.8635609351237
9.555165791858583	71.85489445416657
9.554492510677134	71.84243264340896
9.553492777346866	71.83759855306309
9.553047089594468	71.83357196128968
9.552275451186539	71.82765410105893
9.556966875316144	71.85108483945929
9.560088577939226	71.86774682534931
9.566083833198027	71.91550351005809
9.563769169952405	71.90413337761507
9.561528418387935	71.89609730286209
9.560162213966429	71.8818102104733
9.559806338912354	71.88013596093136
9.558967641391384	71.8764991127168
9.557403264312123	71.86684593904695
9.556757147369105	71.8613166497937
9.556411380429767	71.85527080761621
9.555028848427511	71.85142042072414
9.558013040619882	71.86986176945874
9.568182179905666	71.9390003458298
9.575660497733457	71.99511696330838
9.577323538930232	72.00196566145206
9.576341097052541	71.99558201185717
9.574512657741636	71.9833902964236
9.573720853930856	71.977883317147
9.571697059978058	71.96919534417988
9.572740322782233	71.97527008593254
9.57775324677661	72.01340335547565
9.575404280630222	72.00557129081807
9.573700745624178	71.99816345363402
9.572263495408802	71.99330223056957
9.571204628650973	71.98521514365156
9.57102771185594	71.98265967313176
9.583000300942912	72.06486576515263
9.581860962932788	72.06499218615272
9.57964439653053	72.05645477036371
9.579595420456977	72.058159254831
9.577759263942864	72.0425695687008
9.575741386971552	72.0322072485169
9.574860330261483	72.03258594858482
9.574139259218093	72.02702651315468
9.57293349109318	72.01782085365615
9.571314844858154	72.00989225090183
9.569447288364756	71.99789472026015
9.568483253785718	71.9948806880984
9.56708844224565	71.98315188632985
9.565730582934613	71.97224932608272
9.564169308352657	71.95872555568198
9.564867335910282	71.96111157312673
9.568388743754976	71.98310559255896
9.572792085565201	72.01664382357141
9.572437868977037	72.0094863084108
9.57047238951092	72.00055912180328
9.569987953474113	71.98861908516633
9.568977095309444	71.98523532928111
9.568059861204235	71.97766029252463
9.567371789846154	71.96963843143662
9.567951457471452	71.97766810503119
9.566909902776558	71.97024358096743
9.56703480856349	71.97050967939987
9.573989554433219	72.01348412078697
9.576890477462992	72.03355358958596
9.577481431021415	72.03733271457605
9.578807837486305	72.04556198825519
9.57782689915817	72.03373554683478
9.577582247656423	72.03609846680315
9.575406810337817	72.02123372932915
9.574603897977992	72.0112942948247
9.574065919316837	72.00550970167264
9.579845507295124	72.04777920451839
9.579476814622293	72.04380971814537
9.57727907853412	72.02931659818356
9.576064936438957	72.02275593864643
9.577275262543385	72.02851159523706
9.579490704701914	72.04344209219286
9.580312264221016	72.0538011531674
9.580569755660276	72.0523958383707
9.58066172639667	72.04331147632396
9.587110342028309	72.08686225935568
9.586671949054075	72.08667351495546
9.585289337039493	72.07938073652204
9.583324811435302	72.0709202884968
9.581125868962927	72.05854736068648
9.58097991989512	72.05412242599603
9.58131439144279	72.0527803226407
9.580361711693149	72.04817173201823
9.578371072030166	72.03628729062798
9.579044167771624	72.0428320335592
9.57938867443923	72.04583773389946
9.584767556418164	72.08617324746163
9.583580080948906	72.07978751001785
9.584148365449515	72.07861749841378
9.583611140722061	72.08244210415769
9.581947289091296	72.07512427164134
9.581582602202154	72.06906808858592
9.581232134933899	72.06630984869317
9.580402807264615	72.05623487973308
9.58203777545366	72.06894261633695
9.580826468860508	72.05918212877604
9.579322369133823	72.04510173926194
9.579581768182662	72.04640562154445
9.577452896426847	72.04138671555393
9.57630974276192	72.03372180051595
9.57569648833028	72.02264473354337
9.576228203976948	72.02652379392283
9.57602002153264	72.02694874997235
9.573824944744452	72.02139193520729
9.571811587037383	72.0066455558365
9.571354501259911	72.00465954440986
9.570353222190512	72.00068335266616
9.56800910867638	71.98922983446661
9.566582624003088	71.97994025161034
9.56460589629375	71.96808442602068
9.562776500429296	71.95890769085985
9.561761563945288	71.95060690182962
9.560656870156397	71.94163163501389
9.560603145843405	71.93951766442144
9.559549928799143	71.9356445284955
9.558636269510727	71.93229316821602
9.558284214504337	71.923750324878
9.557032480875913	71.91367128020137
9.559204219932855	71.92830885749403
9.560035795476956	71.93599623214632
9.560310683072725	71.93166691506167
9.56094553073407	71.93735338457972
9.559416846419046	71.93092899744946
9.5587560862742	71.92269608930144
9.56294332019805	71.9525056034236
9.563320764956385	71.95625297528399
9.562576507269215	71.95051927772077
9.563294141119902	71.95006809512225
9.563861105977487	71.95939822125185
9.562210486796976	71.94736493285973
9.56059159630161	71.93971998319054
9.558876626548072	71.92201448682458
9.55789175646083	71.90825611743828
9.558325773024004	71.9067340705996
9.55765844379545	71.90572561552884
9.558223629028	71.90778127698358
9.556583159412378	71.89634593895124
9.554295845365885	71.8800428565928
9.553268082730835	71.87476209313388
9.553143883796222	71.86854291853561
9.55274170662491	71.86126987000605
9.553808342805352	71.87071480177748
9.554502925411267	71.87787425530755
9.553926901822479	71.87032939363358
9.553016100796905	71.8679803642948
9.552840344161424	71.86344983488152
9.555785297853124	71.88393915160708
9.55550008437217	71.87859128861402
9.554156332516722	71.8693877371817
9.553460786199317	71.86300900142872
9.553875360535967	71.86446999099279
9.555287106480074	71.8775292191501
9.556395747404398	71.88011836099966
9.55665791070267	71.88708691366817
9.554237260836214	71.87591333928484
9.552736983638333	71.86705635760339
9.551464082937562	71.86092772059897
9.553902756542016	71.87761632637478
9.555020032486016	71.88589520829018
9.55640861220123	71.89009705572376
9.55547909274796	71.88400046298574
9.555494811661823	71.87890360842597
9.555260221634246	71.88108933481273
9.555143099558054	71.87957705609577
9.554487801033796	71.8785915937764
9.553584991415079	71.87116742156506
9.552762933520986	71.86790517400816
9.551374260461454	71.8558104266955
9.550108262627292	71.84666871092213
9.55012580877296	71.8481961426513
9.548291923383552	71.8337677291468
9.547354171141192	71.83367210961731
9.54750994503706	71.83218660104298
9.547648245897298	71.83411093200422
9.545839223478959	71.82946572618908
9.543685581642935	71.82221583123098
9.542217462710084	71.815571501327
9.541383457833199	71.80865052267022
9.542330420646067	71.81311759576822
9.541154963322192	71.80262247699946
9.541588995269214	71.80172478951604
9.539529047203127	71.79262833152583
9.540873316090154	71.80411570662568
9.540265583027026	71.8039266869528
9.540076443728958	71.80035285881121
9.539671478399356	71.80118156453858
9.53772978586504	71.79294785490775
9.540719104008929	71.80928468063432
9.542851570158206	71.82368896629235
9.544335253094317	71.83722089531783
9.5433577756396	71.83122429853735
9.544321780090062	71.83833742676428
9.544216711856336	71.83890514868538
9.543689607258433	71.83179396664188
9.542217408604673	71.82207095751659
9.540822086232776	71.8174194239373
9.540100434440081	71.80934647280937
9.544761341278527	71.84129161984956
9.544339412829729	71.83049396648325
9.545254688996945	71.83475286493213
9.545756991674205	71.84337825587872
9.546844308304454	71.84793745538816
9.54544191432786	71.84023205842291
9.545103215230572	71.83655026947305
9.548567208160943	71.8550258646872
9.551699682716452	71.87448966734075
9.550250427269562	71.86345348320461
9.548597306391454	71.85584579759477
9.551145463919303	71.8699271434223
9.549816114147475	71.86623858752185
9.549382400265635	71.85639987972436
9.547978446620363	71.85313226405302
9.547019933404092	71.84430042652808
9.545599147399331	71.83001430144412
9.544719414326789	71.82375749915379
9.543633164741612	71.81397104697722
9.541957247263502	71.80912548434404
9.541907075067074	71.79825685498531
9.541854804771473	71.79527099962124
9.540135201474556	71.78713004799548
9.538997671397377	71.7794252779867
9.537791282584466	71.77710415784387
9.536939757500589	71.77154573021443
9.537364707129628	71.77608406006198
9.536149864384523	71.76778904839729
9.534866940029195	71.76437952982195
9.534327069251912	71.75772519212289
9.535681179430439	71.76042564301767
9.53420754576514	71.75655219985477
9.533534898509966	71.7557605887671
9.535137870936726	71.76377066948466
9.538229437379375	71.78298714045282
9.536385233084212	71.77630913121787
9.536987328963699	71.77385972200024
9.535302133102505	71.75811282482799
9.534523291702575	71.74967909902603
9.53649561100918	71.7643903397585
9.536153998133381	71.76412670116318
9.534846552722295	71.75951584962085
9.534017972418425	71.75119713507796
9.53494443031791	71.75414188376807
9.53456922756107	71.75264642487836
9.533389877263495	71.74509772935157
9.533759023448468	71.74434198754962
9.53226310332065	71.73198314598172
9.534242054368807	71.73558381991484
9.536256286230062	71.75158523773611
9.533930723562685	71.74317336423043
9.538071757969414	71.76790464952522
9.539674966191185	71.78081124799431
9.539467495612941	71.77379825917909
9.53866405221755	71.77053358224319
9.537934326295145	71.76733672803066
9.536530379856053	71.75568087217125
9.535364307041677	71.75257812139246
9.535286404560111	71.74558876877323
9.53576114238445	71.75241383181138
9.541319689124984	71.79218346981413
9.541834635800459	71.7949687929143
9.543554189059915	71.8019986109021
9.541952837849198	71.79127470510643
9.54002972081408	71.77812805851107
9.538473621964924	71.77640020341026
9.536651294055146	71.76832962680214
9.539134132663065	71.78015439450607
9.540815095329254	71.79171569674723
9.541156088939037	71.78743328632747
9.539899407213243	71.78121442869707
9.53962458613687	71.77230931189096
9.539068923471916	71.76417515820786
9.538490415599993	71.7568318679262
9.53805451099406	71.75774332731142
9.538535962269878	71.75694184614674
9.537837673693485	71.74918259313093
9.538763813732242	71.75507927507319
9.54334684858648	71.78418613974792
9.542968857397563	71.78361872748361
9.542380109367112	71.78146347140333
9.540334977780153	71.7721648229238
9.541171971642772	71.77786815696182
9.542369096316058	71.78246962566823
9.544658743980358	71.79815069573965
9.545868702034246	71.80237885677721
9.547900923397766	71.81279609912144
9.547414108425219	71.80569828833023
9.54606305454414	71.80018303847018
9.544791427773713	71.79098515668056
9.544775941385652	71.79313359197693
9.542617908810003	71.78153552698436
9.54225188316607	71.78009263825133
9.540934185472647	71.76580368602268
9.541006373778695	71.76860415792122
9.542085096093142	71.76666794417882
9.542506428922739	71.76925782770499
9.541275892811496	71.75753401503891
9.544001386927434	71.7732024500615
9.547429799472853	71.7998280166171
9.546070922318288	71.7923393526968
9.545119384735344	71.78649524381844
9.543728701064099	71.7787614516273
9.542226623635823	71.77207156758783
9.543312901274458	71.77542336681053
9.54589617690741	71.79333418286497
9.547001684547144	71.79919059308732
9.546054768533024	71.79431817821157
9.545242576810864	71.78481480338077
9.545003857057418	71.78291715366262
9.544837023882293	71.78249941044322
9.544276645729363	71.77348953397612
9.542817008795916	71.76616465256302
9.542305876804027	71.76175009418225
9.542441326799704	71.75845115870642
9.541591550527952	71.7524298046643
9.54027902949732	71.7433960011684
9.540618287235024	71.74257434551181
9.540161195962044	71.74511468552141
9.54001917451995	71.73834049508281
9.539172542204842	71.73187608862101
9.53839102764521	71.72776748394828
9.538915938189344	71.72881835035689
9.537377055991522	71.72041117741534
9.537049457446189	71.71924612190605
9.53550174215435	71.71076598612404
9.53544688869312	71.70280969121957
9.535992493014108	71.7026314689969
9.534902654105503	71.69666500381881
9.535115478115976	71.69259758065026
9.535325685150552	71.69640565038277
9.535795268486254	71.69798709508181
9.536882886003145	71.70143551783376
9.53870315720391	71.70761610596166
9.53834706364722	71.70485270018573
9.537235200089084	71.69687067464248
9.536119136142494	71.68330678193654
9.534910916370347	71.67645161945303
9.534138633079095	71.67009939044397
9.53308151575799	71.66529969726685
9.532092325957063	71.65823868757887
9.531442830334695	71.65465313487353
9.53313053904949	71.66725395592123
9.533514467687745	71.67143567155466
9.532457636582794	71.66202177527762
9.53194624763486	71.65763051295774
9.529810961024221	71.64885027248907
9.53049957411424	71.65347783010957
9.529203233212728	71.64318244672822
9.531249148818693	71.6529638251875
9.531662056475106	71.66149000325468
9.531531860640959	71.6613396942569
9.530729831144322	71.65705457539896
9.529433944759196	71.64813767316943
9.531031302053536	71.64906294775216
9.530621852112851	71.64589991558917
9.532081725907856	71.65175635672459
9.532218621806383	71.65361772269361
9.530908931716239	71.64414715911086
9.53134253925978	71.6409290816987
9.529859517552437	71.6342672245732
9.533462107275058	71.65168203955096
9.538437519840405	71.68534928389353
9.537492736975961	71.68410219528776
9.53683694107455	71.68684467320841
9.536971133721858	71.68549349552111
9.536434206325508	71.68001113483027
9.536274616852754	71.67236088871171
9.536129886248313	71.66937768252131
9.535771333110562	71.6706986348915
9.53593538515206	71.67049130901502
9.53465379748688	71.66259882553328
9.53998639442617	71.68988895675314
9.540286017074868	71.69569955366131
9.540338748467569	71.69602318459424
9.54112561345834	71.70231727102959
9.54393025969286	71.71788305444844
9.546071466530016	71.72891995915639
9.544934312463193	71.72438267348643
9.543515097697476	71.7131963468348
9.54367942117109	71.71074438531984
9.543562915675858	71.70573445025903
9.543486890241033	71.70509821947785
9.541552869333769	71.69727296054425
9.540960738508465	71.69726741181363
9.54048050722799	71.68727482750204
9.539653545817234	71.67738882617668
9.540388843111375	71.67834443473376
9.541349617379977	71.6900018349108
9.54100001297184	71.68371013855199
9.540313712180197	71.67579248840613
9.540739621323786	71.67668326610652
9.540382790616698	71.67349260930969
9.541040704675757	71.67972176890737
9.540605422174606	71.6822246277679
